-11.36815
-11.63555
-11.86361
-12.04623
-12.17799
-12.25438
-12.27212
-12.22937
-12.12587
-11.963
-11.74375
-11.47258
-11.15518
-10.79824
-10.40911
-9.995467
-9.565024
-9.125258
-8.683175
-8.245144
-7.816787
-7.402914
-7.007512
-6.633762
-6.284094
-5.960257
-5.663395
-5.394142
-5.152701
-4.938935
-4.75244
-4.592618
-4.45874
-4.349996
-4.265543
-4.204544
-4.166194
-4.149746
-4.154531
-4.179965
-4.225562
-4.290935
-4.3758
-4.479966
-4.603338
-4.745898
-4.9077
-5.088848
-5.28948
-5.50974
-5.74975
-6.009576
-6.289184
-6.588395
-6.906825
-7.24383
-7.598428
-7.969231
-8.35436
-8.75137
-9.15717
-9.567959
-9.97918
-10.3855
-10.78083
-11.15839
-11.51086
-11.83054
-12.10964
-12.34057
-12.51634
-12.63092
-12.67958
-12.65928
-12.56884
-12.4091
-12.18293
-11.89505
-11.55186
-11.16103
-10.73114
-10.27126
-9.790554
-9.2979
-8.801626
-8.309277
-7.827468
-7.361813
-6.916907
-6.496357
-6.102857
-5.738272
-5.403748
-5.099822
-4.826528
-4.583507
-4.370096
-4.185419
-4.028454
-3.898104
-3.793245
-3.71277
-3.655624
-3.62083
-3.607511
-3.614902
-3.642361
-3.689375
-3.75556
-3.840663
-3.944555
-4.067229
-4.208786
-4.369427
-4.54944
-4.749178
-4.969041
-5.209449
-5.470811
-5.753486
-6.057736
-6.383674
-6.7312
-7.099925
-7.489089
-7.897467
-8.323262
-8.764007
-9.216452
-9.676468
-10.13897
-10.59788
-11.04612
-11.47565
-11.8777
-12.2429
-12.56168
-12.82466
-13.02314
-13.14961
-13.19825
-13.16537
-13.0497
-12.85258
-12.57793
-12.23202
-11.82311
-11.36099
-10.85642
-10.32057
-9.764514
-9.198788
-8.633041
-8.075804
-7.53435
-7.01465
-6.521397
-6.058085
-5.627124
-5.229978
-4.867309
-4.53912
-4.244894
-3.983719
-3.754398
-3.555543
-3.385662
-3.24322
-3.1267
-3.034641
-2.965673
-2.918544
-2.892134
-2.885471
-2.897737
-2.928274
-2.976579
-3.04231
-3.125281
-3.225452
-3.342932
-3.477965
-3.630923
-3.802299
-3.99269
-4.202786
-4.433348
-4.685189
-4.959142
-5.256027
-5.576606
-5.921526
-6.291257
-6.686011
-7.105641
-7.549535
-8.016485
-8.504546
-9.010883
-9.531617
-10.06168
-10.59471
-11.12294
-11.63724
-12.1272
-12.58133
-12.98747
-13.33322
-13.60665
-13.79698
-13.89533
-13.89544
-13.79418
-13.59193
-13.29263
-12.90352
-12.43474
-11.8986
-11.30882
-10.67974
-10.02554
-9.359649
-8.694246
-8.039943
-7.405622
-6.798401
-6.223689
-5.68533
-5.185775
-4.726285
-4.307132
-3.927801
-3.587169
-3.283665
-3.01541
-2.780339
-2.576289
-2.401086
-2.252599
-2.128789
-2.027743
-1.9477
-1.887064
-1.844414
-1.818509
-1.80829
-1.812878
-1.831567
-1.863824
-1.909278
-1.967721
-2.039098
-2.123503
-2.221174
-2.332493
-2.457977
-2.598275
-2.754169
-2.926567
-3.116501
-3.325116
-3.553668
-3.80351
-4.076073
-4.37285
-4.695361
-5.04511
-5.423539
-5.831947
-6.271404
-6.742634
-7.245873
-7.780698
-8.345819
-8.938848
-9.556047
-10.19206
-10.83966
-11.48955
-12.13025
-12.74808
-13.32742
-13.85115
-14.30135
-14.66033
-14.91176
-15.04203
-15.04139
-14.90501
-14.63353
-14.23313
-13.71515
-13.09511
-12.39158
-11.62475
-10.81513
-9.982407
-9.144514
-8.317061
-7.513003
-6.742561
-6.013335
-5.330528
-4.697251
-4.114855
-3.583261
-3.101275
-2.666862
-2.277393
-1.929844
-1.620961
-1.347393
-1.105791
-0.8928866
-0.7055444
-0.5408001
-0.3958833
-0.268229
-0.1554805
-0.05548643
0.03370804
0.1138725
0.1866054
0.2533495
0.3154075
0.3739589
0.4300755
0.4847373
0.5388478
0.5932479
0.64873
0.7060508
0.7659438
0.8291307
0.8963332
0.9682832
1.045734
1.12947
1.220316
1.31915
1.42691
1.544606
1.673329
1.814262
1.968689
2.138004
2.323722
2.527483
2.751062
2.996371
3.265458
3.5605
3.883794
4.237728
4.624749
5.047303
5.507756
6.008285
6.550726
7.136384
7.765779
8.438335
9.152006
9.902841
10.6845
11.48778
12.30013
13.10541
13.8837
14.6117
15.26337
15.8113
16.22851
16.49072
16.57868
16.48039
16.19259
15.72141
15.08183
14.29629
13.39249
12.4009
11.35233
10.27591
9.197562
8.139133
7.118015
6.147208
5.235667
4.388817
3.609142
2.896762
2.249989
1.665797
1.140232
0.6687409
0.246433
-0.1317156
-0.4707121
-0.7754374
-1.050571
-1.300543
-1.529507
-1.741331
-1.939596
-2.12761
-2.308418
-2.484831
-2.659439
-2.834642
-3.012667
-3.195596
-3.385378
-3.583855
-3.792769
-4.013777
-4.248452
-4.49829
-4.764696
-5.04898
-5.352326
-5.675769
-6.020149
-6.386058
-6.773774
-7.183177
-7.613655
-8.063997
-8.532265
-9.015679
-9.510482
-10.01183
-10.51372
-11.0089
-11.48897
-11.94441
-12.36486
-12.73942
-13.05709
-13.30737
-13.48082
-13.56973
-13.56869
-13.47506
-13.28922
-13.01464
-12.65772
-12.22736
-11.73443
-11.1911
-10.61015
-10.00435
-9.3859
-8.765964
-8.154409
-7.559615
-6.988416
-6.446136
-5.936683
-5.462692
-5.025695
-4.626292
-4.264329
-3.939056
-3.649275
-3.393475
-3.169933
-2.976815
-2.81225
-2.674385
-2.561442
-2.471745
-2.40375
-2.356065
-2.327458
-2.316869
-2.323408
-2.346359
-2.385177
-2.439485
-2.50907
-2.593878
-2.694007
-2.809707
-2.941369
-3.089519
-3.254816
-3.43804
-3.64008
-3.861929
-4.104661
-4.369418
-4.657376
-4.96972
-5.307591
-5.67204
-6.063949
-6.483949
-6.932312
-7.40882
-7.912613
-8.442018
-8.994353
-9.565725
-10.15083
-10.74276
-11.3329
-11.91086
-12.46452
-12.98032
-13.44363
-13.83939
-14.15289
-14.37077
-14.48196
-14.47865
-14.357
-14.11763
-13.76564
-13.3103
-12.76439
-12.14326
-11.46378
-10.74331
-9.998736
-9.245714
-8.498138
-7.767812
-7.064319
-6.39505
-5.765345
-5.178707
-4.637057
-4.140998
-3.690076
-3.283016
-2.917934
-2.592526
-2.304214
-2.050279
-1.827954
-1.634507
-1.467296
-1.323813
-1.201712
-1.098828
-1.013186
-0.9430046
-0.8866929
-0.8428478
-0.8102447
-0.787829
-0.7747057
-0.77013
-0.7734964
-0.7843303
-0.8022785
-0.8271019
-0.8586687
-0.8969486
-0.9420089
-0.9940105
-1.053206
-1.11994
-1.194646
-1.277851
-1.370176
-1.47234
-1.585162
-1.709569
-1.8466
-1.99741
-2.163279
-2.345616
-2.545965
-2.766008
-3.007569
-3.272609
-3.563221
-3.881614
-4.230095
-4.611025
-5.026768
-5.479616
-5.971679
-6.504746
-7.080096
-7.698262
-8.358731
-9.059592
-9.797115
-10.5653
-11.35539
-12.15547
-12.95013
-13.72035
-14.44375
-15.09528
-15.64836
-16.07663
-16.35604
-16.46716
-16.39727
-16.14196
-15.70583
-15.10221
-14.35189
-13.4811
-12.51919
-11.49623
-10.44099
-9.379366
-8.333453
-7.321063
-6.355722
-5.446953
-4.600744
-3.8201
-3.105615
-2.456003
-1.868584
-1.339684
-0.8649787
-0.4397562
-0.0591312
0.2817973
0.587834
0.8636015
1.11349
1.341626
1.551859
1.74776
1.932628
2.109508
2.281205
2.450313
2.61923
2.790188
2.965272
3.146441
3.335547
3.534354
3.744546
3.967739
4.205484
4.459264
4.730493
5.02049
5.330466
5.661481
6.014405
6.389859
6.788136
7.209121
7.652181
8.116052
8.598701
9.097194
9.60756
10.12466
10.6421
11.15218
11.64594
12.11323
12.54304
12.92378
13.24383
13.49215
13.65892
13.73628
13.71889
13.60444
13.3939
13.09154
12.70468
12.24323
11.71905
11.14523
10.53533
9.902755
9.260112
8.618839
7.988895
7.378622
6.794709
6.242255
5.724896
5.244965
4.803684
4.401346
4.037503
3.711136
3.420801
3.164763
2.941109
2.747834
2.582919
2.444388
2.330351
2.239042
2.168836
2.118272
2.086058
2.071078
2.072392
2.089238
2.121026
2.167337
2.227915
2.302663
2.391641
2.495056
2.613262
2.746752
2.896153
3.062223
3.245843
3.44801
3.669826
3.912488
4.177266
4.465483
4.778486
5.117599
5.484078
5.879037
6.303366
6.75762
7.241891
7.75565
8.297561
8.865277
9.45521
10.0623
10.67981
11.29913
11.90968
12.49895
13.05269
13.55528
13.99038
14.34178
14.59443
14.73555
14.75576
14.64992
14.41777
14.06401
13.5981
13.03345
12.38648
11.67541
10.91907
10.13583
9.342739
8.554897
7.785103
7.043699
6.338612
5.675517
5.058076
4.488232
3.966501
3.492261
3.064015
2.679621
2.336498
2.031782
1.762467
1.525508
1.317901
1.136747
0.9792884
0.8429447
0.725324
0.6242334
0.5376797
0.4638652
0.4011804
0.3481932
0.3036376
0.2664006
0.2355094
0.2101183
0.1894965
0.1730162
0.1601413
0.1504178
0.1434642
0.1389636
0.1366558
0.1363314
0.1378258
0.1410147
0.1458096
0.1521547
0.160024
0.1694191
0.1803677
0.1929221
0.207159
0.2231787
0.2411059
0.2610897
0.2833052
0.3079543
0.3352681
0.3655084
0.3989712
0.4359891
0.4769352
0.522227
0.5723313
0.6277691
0.6891214
0.7570362
0.8322351
0.9155219
1.007791
1.110036
1.223364
1.349003
1.488314
1.642808
1.814155
2.004199
2.214972
2.448706
2.70784
2.995031
3.313148
3.66527
4.054658
4.48472
4.958943
5.480794
6.053572
6.680203
7.362962
8.103092
8.900325
9.752283
10.65376
11.59593
12.5655
13.54395
14.50707
15.4249
16.26239
16.98105
17.54157
17.90731
18.04836
17.94527
17.59193
16.99665
16.18145
15.17944
14.03107
12.77989
11.46874
10.13672
8.817197
7.536931
6.315958
5.168091
4.101739
3.120858
2.225908
1.414722
0.6832543
0.02619378
-0.5625442
-1.089444
-1.56111
-1.984061
-2.36459
-2.708669
-3.021893
-3.309448
-3.576099
-3.826195
-4.063679
-4.292108
-4.514673
-4.734222
-4.953281
-5.174074
-5.398538
-5.628337
-5.864866
-6.10926
-6.362388
-6.624843
-6.896934
-7.178664
-7.469708
-7.76939
-8.07665
-8.39002
-8.707596
-9.027019
-9.345465
-9.659647
-9.96584
-10.25992
-10.53744
-10.79372
-11.02399
-11.22352
-11.38784
-11.51288
-11.59519
-11.63212
-11.62198
-11.56411
-11.459
-11.30828
-11.11464
-10.88177
-10.61414
-10.31688
-9.995528
-9.655856
-9.303635
-8.944477
-8.583684
-8.226133
-7.876191
-7.53767
-7.213808
-6.907278
-6.620208
-6.354229
-6.110521
-5.889872
-5.692735
-5.519282
-5.369468
-5.243073
-5.139752
-5.059073
-5.000557
-4.963698
-4.947996
-4.95297
-4.978173
-5.023199
-5.087692
-5.171346
-5.273898
-5.395128
-5.534842
-5.692866
-5.869019
-6.063101
-6.274861
-6.503969
-6.749981
-7.012301
-7.290138
-7.58246
-7.887943
-8.204923
-8.531344
-8.864718
-9.202081
-9.539975
-9.874434
-10.20101
-10.5148
-10.81056
-11.08277
-11.32585
-11.53428
-11.70288
-11.827
-11.90277
-11.92731
-11.8989
-11.81712
-11.68291
-11.49851
-11.26744
-10.9943
-10.68455
-10.34432
-9.980099
-9.598515
-9.206096
-8.809069
-8.413203
-8.023699
-7.64511
-7.281316
-6.935517
-6.610267
-6.30751
-6.028648
-5.774604
-5.545894
-5.342696
-5.164915
-5.012252
-4.884251
-4.780357
-4.69995
-4.64239
-4.607039
-4.593289
-4.600577
-4.628402
-4.676329
-4.743995
-4.83111
-4.937454
-5.062866
-5.207241
-5.370508
-5.552618
-5.753517
-5.973125
-6.211299
-6.467801
-6.742255
-7.034098
-7.34253
-7.666453
-8.004417
-8.354551
-8.714504
-9.081391
-9.451747
-9.821497
-10.18595
-10.53983
-10.87734
-11.19227
-11.47815
-11.72848
-11.93695
-12.09775
-12.20583
-12.25721
-12.24924
-12.18073
-12.05213
-11.8655
-11.62445
-11.33398
-11.0002
-10.63009
-10.23112
-9.810991
-9.377308
-8.937335
-8.497794
-8.064726
-7.643394
-7.238244
-6.852909
-6.490241
-6.152373
-5.840788
-5.556411
-5.299688
-5.070677
-4.869127
-4.694554
-4.546306
-4.423622
-4.32568
-4.251646
-4.200697
-4.172057
-4.165017
-4.178945
-4.213303
-4.267649
-4.34164
-4.435034
-4.547681
-4.679519
-4.830559
-5.000874
-5.190581
-5.399816
-5.62871
-5.877354
-6.145766
-6.433842
-6.741305
-7.067651
-7.412079
-7.773423
-8.15007
-8.539885
-8.940132
-9.3474
-9.757551
-10.16568
-10.56612
-10.95248
-11.31773
-11.6544
-11.95476
-12.21111
-12.41614
-12.56332
-12.64721
-12.66388
-12.61113
-12.48874
-12.29847
-12.04407
-11.73103
-11.36634
-10.9581
-10.5151
-10.04646
-9.561188
-9.067899
-8.574538
-8.088201
-7.615021
-7.160123
-6.727627
-6.320708
-5.941663
-5.592017
-5.27263
-4.983803
-4.725388
-4.496886
-4.297539
-4.126408
-3.982442
-3.864535
-3.771579
-3.702495
-3.65627
-3.631981
-3.628806
-3.646042
-3.683112
-3.739566
-3.815083
-3.909471
-4.022659
-4.154689
-4.30571
-4.47596
-4.665756
-4.875468
-5.105499
-5.356258
-5.62812
-5.921387
-6.236237
-6.572669
-6.930426
-7.308925
-7.707161
-8.123614
-8.556141
-9.001875
-9.457118
-9.917259
-10.37671
-10.82889
-11.26624
-11.68037
-12.0622
-12.40229
-12.69119
-12.91988
-13.0803
-13.16582
-13.17174
-13.09565
-12.93764
-12.7004
-12.38908
-12.011
-11.57521
-11.09199
-10.57232
-10.02728
-9.467655
-8.903479
-8.343792
-7.796439
-7.267988
-6.763716
-6.287673
-5.84277
-5.430912
-5.053139
-4.709766
-4.400527
-4.124701
-3.881234
-3.668835
-3.486073
-3.331442
-3.203427
-3.100549
-3.021407
-2.9647
-2.929256
-2.914042
-2.918176
-2.940928
-2.981732
-3.040176
-3.116004
-3.209112
-3.319545
-3.447484
-3.593244
-3.757262
-3.940085
-4.142356
-4.364799
-4.608195
-4.873358
-5.161099
-5.472188
-5.807303
-6.166967
-6.551474
-6.9608
-7.394496
-7.851568
-8.33034
-8.828308
-9.341985
-9.866758
-10.39676
-10.92477
-11.4422
-11.93916
-12.40459
-12.82664
-13.19304
-13.49174
-13.71158
-13.84301
-13.87885
-13.81482
-13.65005
-13.38714
-13.03213
-12.59408
-12.08447
-11.51647
-10.90414
-10.26166
-9.602704
-8.939834
-8.284188
-7.645235
-7.030701
-6.44659
-5.897297
-5.38577
-4.9137
-4.481723
-4.089619
-3.736498
-3.420967
-3.141277
-2.895449
-2.681376
-2.496906
-2.339911
-2.20834
-2.10025
-2.013845
-1.947483
-1.899699
-1.869201
-1.854883
-1.855813
-1.87124
-1.900582
-1.943428
-1.999525
-2.06878
-2.151249
-2.247137
-2.356789
-2.480691
-2.619463
-2.773855
-2.944748
-3.133142
-3.340155
-3.567013
-3.815038
-4.085634
-4.380261
-4.700407
-5.047549
-5.423095
-5.828318
-6.264263
-6.731635
-7.23066
-7.760915
-8.321129
-8.908955
-9.520721
-10.15117
-10.79323
-11.43777
-12.07353
-12.68712
-13.26321
-13.78498
-14.23481
-14.59525
-14.85016
-14.98596
-14.99288
-14.86585
-14.60519
-14.21667
-13.71113
-13.10363
-12.41226
-11.65684
-10.85759
-10.034
-9.203921
-8.382937
-7.584062
-6.817621
-6.091349
-5.410599
-4.778639
-4.196969
-3.665656
-3.183633
-2.748982
-2.359174
-2.01127
-1.70209
-1.428344
-1.186734
-0.9740364
-0.7871513
-0.6231457
-0.4792764
-0.3530028
-0.2419911
-0.1441121
-0.05743335
0.01979151
0.08913601
0.1520156
0.209703
0.2633442
0.3139734
0.3625289
0.4098669
0.4567761
0.50399
0.5521999
0.6020665
0.6542307
0.7093246
0.7679809
0.8308432
0.8985751
0.9718695
1.051458
1.13812
1.23269
1.336073
1.449245
1.57327
1.709308
1.858623
2.022596
2.202729
2.400662
2.618171
2.857181
3.119763
3.408131
3.724637
4.071746
4.452006
4.868001
5.322274
5.817228
6.354983
6.937195
7.564806
8.237745
8.95455
9.711919
10.50422
11.32293
12.15618
12.98831
13.79967
14.5668
15.26305
15.85979
16.3282
16.64166
16.77821
16.72307
16.47048
16.02459
15.39924
14.6166
13.70492
12.69594
11.62217
10.51464
9.40118
8.305377
7.24611
6.237564
5.289581
4.408199
3.596284
2.854152
2.180163
1.571238
1.023292
0.5315928
0.09104407
-0.3036009
-0.6575749
-0.9759806
-1.26371
-1.525395
-1.765376
-1.98769
-2.196076
-2.393978
-2.584569
-2.770763
-2.955246
-3.140493
-3.328791
-3.522265
-3.72289
-3.932512
-4.152859
-4.385547
-4.63208
-4.893853
-5.172134
-5.468049
-5.782555
-6.116399
-6.470071
-6.843744
-7.237201
-7.649749
-8.080125
-8.526389
-8.985821
-9.454813
-9.928779
-10.40209
-10.86804
-11.31891
-11.74603
-12.14001
-12.49103
-12.78923
-13.02521
-13.19052
-13.27824
-13.28345
-13.20365
-13.03901
-12.79238
-12.46924
-12.07732
-11.62615
-11.12655
-10.58997
-10.02799
-9.451793
-8.871751
-8.297161
-7.736044
-7.195067
-6.679549
-6.19352
-5.739834
-5.320311
-4.935879
-4.586732
-4.272475
-3.99226
-3.744905
-3.529004
-3.343009
-3.185313
-3.054306
-2.948423
-2.866184
-2.806221
-2.767297
-2.748325
-2.748372
-2.766667
-2.8026
-2.855727
-2.925763
-3.012577
-3.116194
-3.236781
-3.374644
-3.530219
-3.704063
-3.896842
-4.109313
-4.342314
-4.596733
-4.873488
-5.173487
-5.497585
-5.846532
-6.220904
-6.621021
-7.046851
-7.49789
-7.973034
-8.47043
-8.987308
-9.519825
-10.0629
-10.61008
-11.15345
-11.68365
-12.1899
-12.66027
-13.08205
-13.44224
-13.72822
-13.92858
-14.03385
-14.03728
-13.93546
-13.72866
-13.42093
-13.01984
-12.53601
-11.98238
-11.37335
-10.72395
-10.04902
-9.362548
-8.677201
-8.003952
-7.351941
-6.72844
-6.138927
-5.587241
-5.075772
-4.60568
-4.177107
-3.789393
-3.441256
-3.130969
-2.856498
-2.615626
-2.40605
-2.225459
-2.0716
-1.942315
-1.835585
-1.749545
-1.682503
-1.632948
-1.599552
-1.581172
-1.576843
-1.585778
-1.607358
-1.641129
-1.686793
-1.744205
-1.813366
-1.894418
-1.987638
-2.093441
-2.212372
-2.345104
-2.49244
-2.65531
-2.834767
-3.031986
-3.248261
-3.484995
-3.743692
-4.025941
-4.333391
-4.667725
-5.030612
-5.423651
-5.848294
-6.305744
-6.796833
-7.321858
-7.880394
-8.471063
-9.091272
-9.736926
-10.40213
-11.07892
-11.757
-12.42367
-13.06381
-13.66022
-14.1941
-14.64598
-14.99682
-15.22944
-15.32992
-15.28897
-15.1029
-14.77418
-14.31131
-13.72817
-13.04288
-12.27636
-11.45074
-10.588
-9.708715
-8.831249
-7.971188
-7.141135
-6.350725
-5.606823
-4.913829
-4.274038
-3.688014
-3.154948
-2.672985
-2.239512
-1.851392
-1.505172
-1.197231
-0.9239126
-0.6816106
-0.4668406
-0.2762849
-0.1068222
0.04445603
0.1802404
0.3030058
0.4150194
0.5183539
0.6149022
0.7063952
0.7944201
0.8804391
0.9658086
1.051797
1.139605
1.230378
1.32523
1.425251
1.53153
1.645166
1.767279
1.899029
2.041622
2.196327
2.364481
2.547501
2.746893
2.964252
3.20127
3.459729
3.741498
4.048518
4.382778
4.746282
5.140997
5.568782
6.0313
6.529888
7.065402
7.638021
8.247001
8.890392
9.564715
10.2646
10.98245
11.7081
12.4286
13.12815
13.78829
14.38839
14.9065
15.32066
15.61041
15.75858
15.75291
15.58745
15.26328
14.78866
14.17828
13.45202
12.63323
11.74687
10.81783
9.869414
8.922371
7.994229
7.099048
6.247467
5.446949
4.702152
4.015364
3.386945
2.815741
2.299467
1.83502
1.418758
1.046713
0.714767
0.4187797
0.1546896
-0.08141738
-0.293262
-0.4843431
-0.657925
-0.8170342
-0.9644653
-1.102793
-1.234389
-1.361441
-1.485972
-1.609864
-1.734879
-1.862679
-1.994852
-2.132922
-2.278379
-2.432688
-2.597307
-2.7737
-2.963351
-3.167767
-3.388489
-3.627091
-3.885175
-4.164365
-4.466289
-4.792553
-5.144705
-5.52418
-5.932236
-6.369865
-6.83768
-7.335776
-7.86357
-8.419601
-9.001316
-9.60483
-10.22469
-10.85366
-11.48251
-12.10001
-12.6929
-13.24618
-13.74355
-14.16813
-14.50338
-14.73424
-14.84826
-14.83675
-14.69563
-14.42593
-14.03384
-13.53025
-12.92997
-12.25053
-11.511
-10.73072
-9.928291
-9.120677
-8.322709
-7.546748
-6.802611
-6.097657
-5.436989
-4.82373
-4.259327
-3.743859
-3.276326
-2.854915
-2.477225
-2.140465
-1.841607
-1.577519
-1.345058
-1.141153
-0.9628519
-0.8073636
-0.6720811
-0.5545952
-0.4526987
-0.3643856
-0.2878443
-0.2214486
-0.1637453
-0.1134414
-0.06938993
-0.03057601
0.003897092
0.03482139
0.06289691
0.08874369
0.1129129
0.1358973
0.1581405
0.1800459
0.2019847
0.2243029
0.2473285
0.2713775
0.2967596
0.3237841
0.3527649
0.3840256
0.4179042
0.4547588
0.4949716
0.538955
0.5871562
0.6400631
0.6982103
0.7621851
0.8326348
0.9102735
0.9958905
1.090358
1.194643
1.309811
1.437046
1.577651
1.733069
1.904887
2.094856
2.304894
2.5371
2.793762
3.077361
3.390563
3.736218
4.117326
4.537007
4.998427
5.50471
6.058797
6.663255
7.32002
8.03006
8.792941
9.606297
10.4652
11.36148
12.28296
13.21287
14.12936
15.00551
15.80982
16.50762
17.06323
17.44292
17.61841
17.57015
17.29003
16.78271
16.06529
15.16545
14.11841
12.96332
11.73971
10.48462
9.230545
8.004293
6.826626
5.712508
4.671706
3.709586
2.82796
2.025888
1.300396
0.6470834
0.06061492
-0.4648906
-0.9355621
-1.357555
-1.736894
-2.07936
-2.390423
-2.675197
-2.938422
-3.184461
-3.417304
-3.640589
-3.857613
-4.071363
-4.28453
-4.499537
-4.71855
-4.9435
-5.17609
-5.417802
-5.669898
-5.933413
-6.209143
-6.497628
-6.799126
-7.113575
-7.440563
-7.779276
-8.128454
-8.486343
-8.850644
-9.21848
-9.586362
-9.950183
-10.30524
-10.64626
-10.96755
-11.26304
-11.52655
-11.75196
-11.93347
-12.06591
-12.14495
-12.16744
-12.13155
-12.03693
-11.8848
-11.67789
-11.42034
-11.11751
-10.7757
-10.40187
-10.00338
-9.587617
-9.161806
-8.73275
-8.306675
-7.889114
-7.484838
-7.097836
-6.731331
-6.387818
-6.069128
-5.776505
-5.510686
-5.27198
-5.060355
-4.875505
-4.716925
-4.583971
-4.475907
-4.391959
-4.331345
-4.293308
-4.277141
-4.282202
-4.307931
-4.353855
-4.419592
-4.504855
-4.609446
-4.733248
-4.876219
-5.038379
-5.219788
-5.420531
-5.640689
-5.88031
-6.139376
-6.417756
-6.715161
-7.031091
-7.36477
-7.715081
-8.080491
-8.458981
-8.847967
-9.244239
