1 1 1 7400 9920
1 1 2 11050 14330
1 1 3 15830 17320
1 1 4 17730 16900
1 2 1 6490 9530
1 2 2 10340 14120
1 2 3 14550 16500
1 2 4 16470 17500
1 3 1 7530 9980
1 3 2 11350 14685
1 3 3 15760 17160
1 3 4 17900 17700
1 4 1 6930 9400
1 4 2 10700 14045
1 4 3 14790 16310
1 4 4 16620 18300
1 5 1 7540 9850
1 5 2 10955 14215
1 5 3 15240 16650
1 5 4 17350 19200
1 6 1 7600 10080
1 6 2 11350 14565
1 6 3 15735 17000
1 6 4 17700 19200
1 7 1 6950 9485
1 7 2 10855 14180
1 7 3 15520 16900
1 7 4 17950 19200
1 8 1 5995 8360
1 8 2 9535 12635
1 8 3 14070 15200
1 8 4 16710 19500
1 9 1 5905 8220
1 9 2 9535 12600
1 9 3 14070 15200
1 9 4 16200 19500
1 10 1 5620 8790
1 10 2 9025 13040
1 10 3 12650 15400
1 10 4 14750 19500
1 11 1 6440 8750
1 11 2 9980 13030
1 11 3 14150 15450
1 11 4 16170 19400
1 12 1 7270 9775
1 12 2 11155 14440
1 12 3 15420 17050
1 12 4 17600 19400
1 12 1 7270 9775
1 12 2 11155 14440
1 12 3 15200 17500
1 12 4 17200 19400
1 13 1 7050 8300
1 13 2 10255 13450
1 13 3 14160 17200
1 13 4 17870 18400
1 14 1 6500 8955
1 14 2 9950 13200
1 14 3 14220 15500
1 14 4 17250 19400
1 15 1 4990 7775
1 15 2 8415 11980
1 15 3 12590 14415
1 15 4 14530 16500
1 16 1 5840 8100
1 16 2 10450 13400
1 16 3 16000 17000
1 16 4 17500 18000
1 17 1 5640 8000
1 17 2 9200 12310
1 17 3 13390 14750
1 17 4 15260 17800
1 18 1 5000 7650
1 18 2 8500 11700
1 18 3 12740 14300
1 18 4 14680 15600
1 19 1 5690 8100
1 19 2 9400 12400
1 19 3 13710 14840
1 19 4 15650 17600
1 20 1 5300 7900
1 20 2 8850 12150
1 20 3 13330 14950
1 20 4 15500 17700
1 21 1 6400 8810
1 21 2 9880 12990
1 21 3 15060 16330
1 21 4 17350 19150
1 22 1 6350 8800
1 22 2 9900 12980
1 22 3 14080 15300
1 22 4 16150 18200
