1 1 1 7500 9000
1 1 2 10400 12000
1 1 3 12600 14000
1 1 4 14500 16000
1 1 5 20100 23700
1 1 6 23900 28500
1 1 7 28000 31000
1 1 8 30000 31700
1 2 1 7200 9200
1 2 2 9300 11400
1 2 3 11400 13500
1 2 4 13200 14800
1 2 5 19000 23000
1 2 6 22900 28000
1 2 7 28000 30800
1 2 8 30500 32000
1 3 1 5000 7500
1 3 2 9300 11400
1 3 3 11400 13500
1 3 4 13200 14800
1 3 5 19000 23000
1 3 6 22900 28000
1 3 7 28000 30800
1 3 8 30500 32000
1 4 1 8400 10000
1 4 2 10800 12500
1 4 3 13500 15000
1 4 4 15200 16600
1 4 5 18000 21000
1 4 6 22000 25000
1 4 7 22000 28000
1 4 8 27800 32000
1 5 1 8400 10000
1 5 2 10800 12500
1 5 3 13500 15000
1 5 4 15200 16600
1 5 5 18000 21000
1 5 6 22000 25000
1 5 7 22000 28000
1 5 8 27800 32000
1 6 1 7500 10000
1 6 2 11000 12800
1 6 3 13500 15500
1 6 4 16000 18000
1 6 5 22500 26000
1 6 6 26500 31500
1 6 7 31700 33800
1 6 8 34500 32000
1 7 1 9800 11800
1 7 2 12800 14600
1 7 3 15800 17500
1 7 4 17500 19500
1 7 5 25500 30000
1 7 6 30700 35400
1 7 7 36100 38700
1 7 8 40000 32000
1 8 1 10400 12500
1 8 2 14100 16400
1 8 3 17000 18800
1 8 4 18800 20300
1 8 5 25200 28600
1 8 6 29000 33600
1 8 7 34000 36400
1 8 8 36300 38500
1 9 1 8000 9300
1 9 2 11500 12500
1 9 3 14300 15300
1 9 4 16000 17250
1 9 5 26000 30200
1 9 6 30500 35100
1 9 7 35500 39000
1 9 8 38000 38500
1 10 1 7100 8800
1 10 2 10000 11700
1 10 3 12500 14300
1 10 4 14000 15800
1 10 5 20000 23700
1 10 6 23500 28700
1 10 7 28000 32000
1 10 8 30500 38500
1 11 1 8000 9500
1 11 2 11300 13000
1 11 3 14200 15800
1 11 4 16300 17700
1 11 5 21000 24900
1 11 6 26000 30600
1 11 7 30800 33500
1 11 8 33000 38500
1 12 1 5500 8500
1 12 2 8000 13000
1 12 3 10500 14000
1 12 4 12600 13600
1 12 5 20000 22500
1 12 6 24000 28000
1 12 7 27500 33000
1 12 8 32500 38500
1 13 1 5400 7300
1 13 2 9700 11900
1 13 3 13000 14800
1 13 4 15100 17000
1 13 5 22900 26200
1 13 6 27000 31200
1 13 7 32600 34900
1 13 8 35500 38500
1 14 1 4200 5400
1 14 2 6000 7300
1 14 3 7800 8800
1 14 4 9000 10000
1 14 5 12200 14100
1 14 6 14800 17000
1 14 7 18000 19000
1 14 8 19000 38500
1 15 1 7500 9700
1 15 2 11400 13500
1 15 3 14400 16100
1 15 4 16500 18300
1 15 5 24000 27200
1 15 6 28000 32500
1 15 7 34400 36300
1 15 8 37000 38500
1 16 1 6000 8000
1 16 2 8000 10000
1 16 3 10700 12000
1 16 4 12400 13600
1 16 5 18700 21700
1 16 6 23000 26900
1 16 7 27800 29800
1 16 8 30800 38500
1 17 1 5400 7000
1 17 2 8000 9800
1 17 3 10700 12100
1 17 4 12500 13900
1 17 5 19100 22300
1 17 6 23000 26900
1 17 7 28100 30200
1 17 8 30200 32000
1 18 1 6400 7700
1 18 2 8900 10500
1 18 3 11600 13200
1 18 4 13200 14800
1 18 5 20200 23900
1 18 6 24900 30000
1 18 7 29000 33000
1 18 8 31300 32000
1 19 1 5500 7500
1 19 2 7500 9500
1 19 3 10200 11800
1 19 4 11600 13200
1 19 5 16000 19800
1 19 6 19900 24500
1 19 7 25000 27600
1 19 8 27000 32000
1 20 1 5500 7500
1 20 2 7500 9500
1 20 3 10200 11800
1 20 4 11600 13200
1 20 5 16000 19800
1 20 6 19900 24500
1 20 7 25000 27600
1 20 8 27000 32000
1 21 1 4800 7500
1 21 2 6700 9500
1 21 3 9300 11800
1 21 4 11000 13500
1 21 5 17000 22000
1 21 6 22000 26900
1 21 7 27100 30000
1 21 8 29500 32000
1 22 1 8000 10400
1 22 2 10500 13000
1 22 3 12500 15300
1 22 4 14200 16900
1 22 5 19600 24000
1 22 6 23900 30000
1 22 7 28000 33300
1 22 8 31300 34000
