11.98985
10.93337
9.830975
8.711949
7.602509
6.524638
5.495541
4.52762
3.628826
2.803254
2.051834
1.373032
0.763495
0.2186099
-0.2670361
-0.6992904
-1.084157
-1.427591
-1.735355
-2.012926
-2.265433
-2.49763
-2.713888
-2.918201
-3.114203
-3.305193
-3.494162
-3.683822
-3.876634
-4.07484
-4.280481
-4.495423
-4.721373
-4.959889
-5.212386
-5.480139
-5.764273
-6.065746
-6.38533
-6.723573
-7.080757
-7.456844
-7.851409
-8.263561
-8.691858
-9.134208
-9.587765
-10.04883
-10.51275
-10.97385
-11.42537
-11.85948
-12.26733
-12.63921
-12.96477
-13.23342
-13.43473
-13.55904
-13.59802
-13.54537
-13.3973
-13.15309
-12.81524
-12.38958
-11.88497
-11.31285
-10.68654
-10.02048
-9.329383
-8.627485
-7.927931
-7.242293
-6.58029
-5.949659
-5.356185
-4.80382
-4.294886
-3.830309
-3.409869
-3.032447
-2.696245
-2.39899
-2.138102
-1.910834
-1.714386
-1.545991
-1.402983
-1.282843
-1.18323
-1.102002
-1.037223
-0.9871722
-0.9503319
-0.9253873
-0.9112142
-0.9068687
-0.9115754
-0.924716
-0.9458177
-0.9745429
-1.01068
-1.054134
-1.104921
-1.163163
-1.22908
-1.302991
-1.38531
-1.476545
-1.5773
-1.688277
-1.810277
-1.9442
-2.091059
-2.251972
-2.428177
-2.621029
-2.832009
-3.062726
-3.314916
-3.590442
-3.891287
-4.219548
-4.577408
-4.967115
-5.390935
-5.851092
-6.349682
-6.888561
-7.469199
-8.092477
-8.75845
-9.466036
-10.21264
-10.99374
-11.80237
-12.62859
-13.45899
-14.27626
-15.05885
-15.78111
-16.41366
-16.9246
-17.2812
-17.45249
-17.41226
-17.14234
-16.63549
-15.89732
-14.94675
-13.81462
-12.54076
-11.16995
-9.747625
-8.316044
-6.911525
-5.562902
-4.291134
-3.109785
-2.026035
-1.041922
-0.1555933
0.6375636
1.343977
1.971142
2.527055
3.019804
3.45728
3.846997
4.195964
4.510634
4.796866
5.059934
5.304537
5.534824
5.754433
5.966517
6.173785
6.378529
6.582655
6.787708
6.994896
7.205104
7.418909
7.636586
7.858118
8.083194
8.311215
8.54129
8.772235
9.002579
9.230565
9.454162
9.671081
9.878803
10.07461
10.25564
10.41894
10.56155
10.68056
10.77326
10.83718
10.87022
10.87075
10.83771
10.77066
10.66983
10.53619
10.37136
10.17766
9.957988
9.715745
9.454724
9.178981
8.89271
8.600116
8.305297
8.012147
7.72427
7.444927
7.176989
6.922921
6.684782
6.464235
6.262573
6.080754
5.919437
5.779025
5.659706
5.561495
5.484273
5.427819
5.391843
5.376012
5.379974
5.403371
5.445859
5.507108
5.586817
5.684705
5.800518
5.934016
6.084966
6.253126
6.438233
6.639978
6.857983
7.091773
7.340743
7.604124
7.880941
8.169974
8.469711
8.778305
9.093532
9.412747
9.732856
10.05029
10.36101
10.6605
10.94384
11.20575
11.44072
11.64314
11.80749
11.92856
12.00167
12.02292
11.98944
11.8996
11.75314
11.55129
11.29677
10.99373
10.64757
10.26472
9.852341
9.418043
8.969545
8.514388
8.059685
7.611915
7.176785
6.759144
6.362954
5.991307
5.646475
5.329988
5.042726
4.785019
4.556748
4.357442
4.186369
4.042613
3.925151
3.832905
3.764798
3.719788
3.696906
3.695272
3.71412
3.752804
3.810808
3.887748
3.983371
4.097551
4.230286
4.381686
4.551967
4.741431
4.950455
5.17947
5.428935
5.699312
5.991028
6.304438
6.639772
6.997078
7.376155
7.776472
8.197076
8.636489
9.092598
9.562528
10.04253
10.52784
11.0126
11.48979
11.95117
12.38735
12.78791
13.14165
13.43694
13.66223
13.80666
13.86074
13.81706
13.67101
13.42128
13.07018
12.62377
12.09153
11.48589
10.8214
10.11389
9.379506
8.633838
7.891215
7.164179
6.46317
5.79641
5.169937
4.587772
4.052148
3.563786
3.122185
2.725888
2.372736
2.060086
1.784989
1.544345
1.335018
1.153927
0.9981127
0.8647822
0.7513408
0.655408
0.5748242
0.5076498
0.4521592
0.40683
0.37033
0.3415037
0.3193564
0.3030398
0.2918376
0.2851516
0.2824893
0.2834521
0.2877255
0.2950692
0.30531
0.3183345
0.3340839
0.352549
0.3737666
0.397817
0.4248219
0.454943
0.4883824
0.5253818
0.5662245
0.6112362
0.6607876
0.7152973
0.7752348
0.8411251
0.9135528
0.993168
1.080692
1.176923
1.282746
1.399137
1.527175
1.668051
1.823073
1.993684
2.181465
2.38815
2.615634
2.86598
3.14143
3.4444
3.777488
4.143455
4.545213
4.985788
5.468266
5.995714
6.571069
7.196977
7.875574
8.608208
9.395056
10.23466
11.12333
12.05447
13.01775
13.9983
14.97585
15.92411
16.81048
17.5964
18.23857
18.69143
18.9108
18.85866
18.50845
17.84986
16.89207
15.66423
14.21288
12.59661
10.87916
9.12254
7.381511
5.70022
4.110983
2.634817
1.283035
0.05929722
-1.038326
-2.015541
-2.880373
-3.642059
-4.310267
-4.894563
-5.40408
-5.84732
-6.232057
-6.565311
-6.853356
-7.101763
-7.315448
-7.498735
-7.655418
-7.788818
-7.901843
-7.997037
-8.076629
-8.142576
-8.196596
-8.240207
-8.27475
-8.301417
-8.321271
-8.335261
-8.344242
-8.348985
-8.350186
-8.348481
-8.344444
-8.338602
-8.331436
-8.323382
-8.314839
-8.306172
-8.297707
-8.289743
-8.282542
-8.27634
-8.271344
-8.267728
-8.265644
-8.265212
-8.266529
-8.269663
-8.274659
-8.281535
-8.290285
-8.300881
-8.313271
-8.327381
-8.343116
-8.36036
-8.378979
-8.398822
-8.419718
-8.441485
-8.463925
-8.486829
-8.509977
-8.533142
-8.556092
-8.57859
-8.600398
-8.621282
-8.641009
-8.659354
-8.676102
-8.69105
-8.70401
-8.714812
-8.723307
-8.729367
-8.73289
-8.733799
-8.732046
-8.727614
-8.720514
-8.710788
-8.698509
-8.683779
-8.66673
-8.647523
-8.626342
-8.603398
-8.578921
-8.553161
-8.526385
-8.498869
-8.470903
-8.442778
-8.41479
-8.387235
-8.360404
-8.33458
-8.310037
-8.287035
-8.26582
-8.246619
-8.22964
-8.21507
-8.203072
-8.193786
-8.187324
-8.183774
-8.183197
-8.185627
-8.191069
-8.199501
-8.210874
-8.22511
-8.242105
-8.261729
-8.283824
-8.308209
-8.334676
-8.362997
-8.392919
-8.424171
-8.456462
-8.489486
-8.52292
-8.556431
-8.589677
-8.622311
-8.65398
-8.684337
-8.713034
-8.739738
-8.764125
-8.785889
-8.804747
-8.82044
-8.832741
-8.841455
-8.846425
-8.847534
-8.844709
-8.837921
-8.827189
-8.812577
-8.794197
-8.772209
-8.746814
-8.718259
-8.686829
-8.652843
-8.616656
-8.578645
-8.539212
-8.498776
-8.457765
-8.416616
-8.375765
-8.335644
-8.296676
-8.25927
-8.223819
-8.190691
-8.160232
-8.13276
-8.10856
-8.087888
-8.070966
-8.057977
-8.049074
-8.044367
-8.043934
-8.047812
-8.056002
-8.068468
-8.085136
-8.105896
-8.1306
-8.159066
-8.191074
-8.226373
-8.264676
-8.305663
-8.348982
-8.394255
-8.441072
-8.489
-8.53758
-8.586337
-8.634776
-8.682393
-8.728674
-8.773104
-8.815171
-8.854372
-8.890221
-8.922253
-8.950034
-8.973167
-8.991299
-9.004125
-9.011399
-9.012936
-9.008619
-8.998399
-8.982303
-8.96043
-8.932955
-8.900124
-8.862254
-8.819729
-8.772991
-8.722539
-8.668916
-8.612705
-8.554521
-8.494997
-8.43478
-8.374521
-8.314866
-8.256449
-8.199882
-8.145753
-8.094617
-8.046992
-8.003356
-7.964141
-7.929735
-7.900475
-7.876651
-7.858502
-7.846215
-7.839929
-7.839732
-7.845664
-7.857714
-7.875825
-7.899889
-7.929754
-7.96522
-8.006039
-8.051919
-8.102521
-8.157459
-8.216304
-8.278582
-8.343773
-8.411318
-8.480615
-8.551025
-8.621875
-8.69246
-8.762051
-8.829897
-8.895239
-8.957309
-9.015347
-9.06861
-9.116377
-9.15797
-9.192759
-9.220178
-9.239734
-9.251022
-9.253734
-9.247665
-9.232726
-9.208944
-9.176468
-9.135566
-9.086625
-9.030147
-8.966737
-8.897097
-8.822013
-8.74234
-8.658988
-8.572909
-8.485078
-8.396479
-8.30809
-8.220871
-8.135751
-8.053614
-7.975297
-7.901576
-7.833161
-7.770698
-7.71476
-7.665849
-7.624392
-7.590749
-7.565207
-7.547986
-7.539241
-7.539062
-7.547478
-7.56446
-7.589917
-7.623706
-7.665625
-7.715417
-7.772769
-7.83731
-7.908614
-7.986193
-8.0695
-8.157926
-8.250798
-8.34738
-8.446872
-8.548409
-8.651064
-8.753854
-8.85574
-8.955638
-9.052424
-9.14495
-9.232054
-9.312578
-9.385384
-9.449376
-9.50352
-9.546869
-9.578583
-9.597951
-9.604417
-9.597591
-9.577272
-9.543452
-9.49633
-9.436308
-9.363989
-9.280169
-9.185819
-9.08207
-8.970186
-8.851539
-8.727581
-8.599816
-8.469768
-8.338957
-8.208872
-8.08095
-7.956552
-7.836955
-7.723332
-7.61675
-7.518163
-7.428408
-7.348208
-7.278175
-7.218816
-7.170533
-7.133637
-7.10835
-7.094812
-7.09309
-7.103181
-7.125018
-7.158475
-7.203365
-7.259446
-7.326419
-7.403928
-7.491554
-7.588815
-7.695161
-7.809967
-7.932528
-8.062051
-8.197652
-8.338345
-8.483043
-8.63055
-8.77956
-8.928658
-9.076324
-9.220942
-9.36081
-9.494159
-9.619174
-9.734022
-9.836884
-9.925997
-9.999689
-10.05643
-10.09487
-10.11389
-10.11265
-10.09061
-10.04756
-9.983668
-9.899447
-9.795785
-9.673914
-9.535387
-9.382039
-9.215942
-9.039346
-8.85463
-8.664237
-8.47062
-8.27619
-8.083268
-7.894047
-7.710556
-7.534647
-7.367968
-7.211967
-7.067886
-6.936767
-6.819465
-6.71666
-6.628871
-6.556477
-6.49973
-6.458779
-6.433677
-6.424403
-6.430871
-6.452939
-6.490424
-6.543097
-6.610697
-6.692924
-6.789439
-6.89986
-7.023758
-7.160642
-7.309951
-7.471042
-7.643174
-7.825487
-8.016994
-8.216554
-8.422859
-8.634419
-8.849543
-9.066333
-9.282673
-9.496236
-9.704487
-9.904705
-10.09401
-10.26941
-10.42785
-10.56629
-10.68177
-10.77151
-10.83302
-10.86417
-10.86331
-10.82936
-10.76185
-10.661
-10.52772
-10.36362
-10.17098
-9.952637
-9.711957
-9.452681
-9.178815
-8.894504
-8.603906
-8.311079
-8.019879
-7.733881
-7.456319
-7.190046
-6.937516
-6.700777
-6.481491
-6.280953
-6.100122
-5.939666
-5.799995
-5.681306
-5.583624
-5.506839
-5.450738
-5.41504
-5.399421
-5.403534
-5.427026
-5.469556
-5.530798
-5.61045
-5.708231
-5.823885
-5.957166
-6.107837
-6.27565
-6.460332
-6.661564
-6.878957
-7.112023
-7.360144
-7.622536
-7.89821
-8.185929
-8.484169
-8.79107
-9.104396
-9.421497
-9.739274
-10.05417
-10.36214
-10.6587
-10.93897
-11.19769
-11.42942
-11.62861
-11.78982
-11.90792
-11.97831
-11.99721
-11.96182
-11.87057
-11.72329
-11.52125
-11.26718
-10.96523
-10.62078
-10.24018
-9.830554
-9.39941
-8.954377
-8.502904
-8.052011
-7.608093
-7.176782
-6.762867
-6.37026
-6.00202
-5.660394
-5.346902
-5.062421
-4.807286
-4.581389
-4.384276
-4.215233
-4.073366
-3.957673
-3.867098
-3.800586
-3.757117
-3.735738
-3.735591
-3.755924
-3.796106
-3.855634
-3.934134
-4.03136
-4.147196
-4.28164
-4.434806
-4.606905
-4.798236
-5.009166
-5.240113
-5.491516
-5.763814
-6.057402
-6.372595
-6.709576
-7.068335
-7.448601
-7.849762
-8.27077
-8.710041
-9.16534
-9.633664
-10.11112
-10.59281
-11.07273
-11.54374
-11.99749
-12.42452
-12.81442
-13.15605
-13.43792
-13.64874
-13.77799
-13.81662
-13.75776
-13.59734
-13.33463
-12.97249
-12.51741
-11.97919
-11.37043
-10.70569
-10.00065
-9.271193
-8.532537
-7.798597
-7.081483
-6.391221
-5.735653
-5.120495
-4.549502
-4.024706
-3.546684
-3.114838
-2.727662
-2.382982
-2.078164
-1.810296
-1.576324
-1.373173
-1.197826
-1.047394
-0.9191561
-0.8105872
-0.7193768
-0.6434333
-0.580883
-0.530064
-0.4895156
-0.4579662
-0.434319
-0.4176379
-0.4071331
-0.4021475
-0.4021432
-0.4066903
-0.4154556
-0.4281933
-0.4447366
-0.4649908
-0.4889272
-0.5165788
-0.5480359
-0.5834443
-0.6230033
-0.6669649
-0.7156341
-0.7693698
-0.8285867
-0.8937577
-0.9654174
-1.044166
-1.130674
-1.225687
-1.330035
-1.444635
-1.570501
-1.708752
-1.86062
-2.027459
-2.210755
-2.412134
-2.633371
-2.876398
-3.143307
-3.436357
-3.757966
-4.110706
-4.497284
-4.920512
-5.383258
-5.888375
-6.438599
-7.036409
-7.683839
-8.382222
-9.131863
-9.931629
-10.77843
-11.66662
-12.58728
-13.52749
-14.46957
-15.39046
-16.26138
-17.04798
-17.71126
-18.20943
-18.50086
-18.54811
-18.32255
-17.8089
-17.00873
-15.94186
-14.64513
-13.16857
-11.5697
-9.90721
-8.235423
-6.60029
-5.037374
-3.571571
-2.218062
-0.9839651
0.1298106
1.126804
2.013498
2.798132
3.489811
4.097876
4.631477
5.099305
5.50943
5.869226
6.185341
6.46371
6.709583
6.92757
7.121693
7.295432
7.451782
7.593301
7.722156
7.840166
7.948842
8.049424
8.14291
8.23009
8.311571
8.3878
8.45909
8.525636
8.587536
8.644809
8.697407
8.745238
8.78817
8.826052
8.858724
8.886026
8.907812
8.923958
8.93437
8.938994
8.937819
8.930885
8.918287
8.900175
8.876757
8.848299
8.815122
8.777602
8.736163
8.691273
8.64344
8.593201
8.54112
8.487779
8.433769
8.379683
8.32611
8.273629
8.222798
8.174155
8.128208
8.085431
8.046263
8.011103
7.980307
7.954187
7.933012
7.917003
7.906334
7.901134
7.901486
7.907425
7.91894
7.935976
7.958432
7.986164
8.018981
8.05665
8.098896
8.145398
8.195796
8.249685
8.306622
8.366124
8.427669
8.490703
8.554634
8.618844
8.682689
8.745505
8.80661
8.865319
8.920943
8.972803
9.020236
9.062607
9.099317
9.129817
9.153614
9.170285
9.179484
9.180952
9.174526
9.160139
9.137832
9.10775
9.070143
9.025365
8.97387
8.916203
8.852993
8.784942
8.712812
8.637417
8.559606
8.480249
8.400226
8.320416
8.241679
8.164852
8.090734
8.020084
7.953607
7.891953
7.835714
7.785417
7.741525
7.704439
7.674491
7.651952
7.637028
7.629866
7.630551
7.63911
7.655513
7.679676
7.711459
7.750667
7.797052
7.850312
7.910092
7.975979
8.047508
8.124154
8.205337
8.290421
8.378709
8.469448
8.561833
8.655003
8.748048
8.840016
8.929919
9.01674
9.099444
9.176995
9.248364
9.312549
9.368593
9.415599
9.452752
9.47934
9.494767
9.498574
9.490455
9.470266
9.438033
9.393963
9.338437
9.272011
9.195405
9.109492
9.015279
8.913891
8.806544
8.694525
8.579167
8.461823
8.343845
8.226561
8.111253
7.999147
7.891393
7.789056
7.693109
7.604426
7.523783
7.451853
7.389211
7.336338
7.293619
7.261355
7.239764
7.228988
7.229097
7.240092
7.261913
7.294436
7.337482
7.39081
7.454125
7.52707
7.609228
7.700117
7.799191
7.905827
8.019329
8.138919
8.263734
8.39282
8.525134
8.659537
8.794796
8.92959
9.062511
9.192078
9.316744
9.43492
9.544991
9.645342
9.734391
9.810618
9.872604
9.919066
9.948896
9.961196
9.955315
9.93087
9.887775
9.826252
9.746833
9.65036
9.537967
9.411055
9.271264
9.120426
8.960527
8.793657
8.621961
8.447594
8.272677
8.099258
7.929277
7.764543
7.606712
7.457273
7.317542
7.188663
7.071605
6.967177
6.876032
6.798681
6.735509
6.686784
6.652676
6.633265
6.628555
6.638483
6.662931
6.701727
6.754651
6.821441
6.901788
6.995335
7.101674
7.220341
7.350804
7.492456
7.644601
7.806446
7.977081
8.155473
8.340443
8.530662
8.724634
8.920692
9.116987
9.311497
9.502026
9.686222
9.861601
10.02558
10.1755
10.30873
10.42268
10.51487
10.58305
10.62525
10.63987
10.62573
10.58218
10.50909
10.40693
10.27674
10.12014
9.93929
9.736795
9.515665
9.279202
9.030908
8.774373
8.513186
8.250839
7.990647
7.735692
7.488766
7.252349
7.028586
6.819292
6.625953
6.449753
6.291593
6.152124
6.03178
5.930808
5.849303
5.787239
5.744495
5.720879
5.716154
5.730051
5.762284
5.812562
5.880592
5.966085
6.068754
6.18831
6.324453
6.476862
6.645185
6.829012
7.027866
7.241168
7.468219
7.708166
7.959968
8.222367
8.493851
8.772619
9.05655
9.343176
9.629658
9.912781
10.18895
10.45423
10.70435
10.93482
11.14097
11.31813
11.46171
11.56745
11.63153
11.65078
11.6229
11.54656
11.42156
11.24887
11.03067
10.77028
10.47204
10.14117
9.783519
9.405353
9.013111
8.61317
8.211639
7.814186
7.42591
7.051259
6.69398
6.357121
6.043047
5.753493
5.489627
5.252123
5.04124
4.8569
4.69876
4.566282
4.458799
4.375559
4.315781
4.278684
4.263524
4.269614
4.296345
4.343194
4.409735
4.495641
4.600683
4.724729
4.867734
5.029731
5.210817
5.411136
5.630859
5.870161
6.129184
6.408012
6.706621
7.024835
7.362269
7.718267
8.091827
8.481525
8.885429
9.301008
9.725043
10.15355
10.58168
11.00373
11.41305
11.80215
12.16275
12.48595
12.76252
12.9832
13.13916
13.22246
13.22657
13.14689
12.98116
12.72978
12.39595
11.98562
11.50723
10.97123
10.38954
9.77485
9.139994
8.497313
7.858168
7.232568
6.628945
6.054055
5.513002
5.009335
4.545211
4.12159
3.738437
3.39493
3.089648
2.820741
2.586078
2.383368
2.210263
2.064435
1.94364
1.845758
1.768829
1.711073
1.670897
1.646908
1.637909
1.642895
1.661048
1.691734
1.734488
1.789012
1.855164
1.93295
2.022523
2.12417
2.238313
2.365503
2.506419
2.661861
2.832752
3.020135
3.225171
3.449133
3.693402
3.959459
4.248872
4.56328
4.904368
5.273832
5.673334
6.104441
6.568542
7.066751
7.599765
8.16771
8.76993
9.40475
10.06919
10.75866
11.46657
12.18405
12.89955
13.59865
14.26397
14.87522
15.40976
15.84334
16.15148
16.31111
16.30265
16.11216
15.73321
15.16829
14.42922
13.53657
12.51801
11.40586
10.23429
9.036619
7.843073
6.679257
5.565366
4.516069
3.540873
2.644803
1.829206
1.092584
0.4313415
-0.1595501
-0.6860241
-1.154496
-1.571545
-1.943689
-2.277215
-2.578083
-2.851856
-3.103672
-3.338236
-3.559822
-3.772299
-3.979151
-4.183508
-4.388173
-4.595653
-4.808185
-5.027758
-5.256133
-5.494854
-5.745258
-6.008474
-6.285417
-6.576777
-6.882996
-7.204237
-7.540348
-7.890816
-8.254715
-8.630642
-9.016656
-9.41021
-9.80809
-10.20636
-10.60032
-10.98449
-11.35265
-11.69788
-12.01268
-12.28919
-12.51941
-12.69553
-12.81031
-12.85748
-12.83217
-12.7313
-12.55385
-12.3011
-11.97669
-11.58646
-11.13826
-10.64149
-10.10663
-9.544718
-8.966812
-8.383498
-7.804508
-7.238432
-6.692538
-6.1727
-5.683412
-5.227862
-4.808068
-4.425028
-4.078891
-3.769119
-3.494652
-3.254045
-3.045597
-2.867456
-2.717708
-2.59445
-2.495841
-2.420147
-2.365772
-2.33128
-2.315403
-2.317056
-2.335334
-2.369516
-2.419058
-2.483592
-2.562915
-2.656991
-2.765937
-2.89002
-3.02965
-3.185374
-3.357869
-3.547932
-3.756474
-3.984511
-4.233149
-4.503566
-4.796999
-5.114709
-5.457951
-5.827928
-6.225737
-6.652292
-7.108241
-7.593848
-8.108864
-8.652362
-9.222549
-9.816552
-10.43018
-11.05768
-11.69147
-12.32197
-12.9374
-13.52377
-14.06497
-14.54316
-14.93934
-15.23425
-15.4096
-15.44945
-15.34171
-15.07956
-14.66254
-14.09706
-13.3963
-12.57935
-11.66977
-10.69367
-9.677843
-8.647864
-7.626705
-6.633749
-5.684329
-4.789675
-3.957176
-3.190853
-2.491921
-1.859369
-1.290511
-0.781468
-0.3275768
0.07628224
0.4354288
0.7551904
1.040763
1.297118
1.52894
1.740592
1.936109
2.119193
2.293232
2.461318
2.626271
2.790669
2.956879
3.127077
3.303284
3.487387
3.681158
3.886277
4.104346
4.336897
4.5854
4.851261
5.135816
5.440318
5.765911
6.113602
6.484212
6.878323
7.296203
7.737723
8.202245
8.688506
9.194474
9.717199
10.25265
10.79555
11.33923
11.87553
12.39473
12.88558
13.33545
13.73066
14.0569
14.29994
14.44641
14.48479
14.40634
14.20601
13.88316
13.44192
12.89118
12.24408
11.5172
10.7294
9.900557
9.050317
8.197037
7.35696
6.543707
5.768036
5.037864
4.358453
3.732723
3.161617
2.644488
2.179461
1.763765
1.39402
1.066469
0.7771705
0.5221455
0.2974863
0.09943511
-0.07556233
-0.2308254
-0.3694225
-0.4941679
-0.6076271
-0.7121304
-0.8097889
-0.9025158
-0.9920475
-1.079966
-1.167724
-1.256662
-1.348035
-1.443029
-1.542782
-1.648405
-1.76099
-1.881636
-2.011457
-2.151599
-2.303251
-2.467655
-2.64612
-2.840028
-3.050841
-3.280107
-3.529463
-3.800632
-4.095417
-4.415691
-4.763377
-5.140416
-5.548728
-5.990148
-6.466351
-6.978742
-7.528324
-8.115521
-8.739962
-9.400224
-10.09351
-10.81531
-11.55898
-12.31535
-13.07233
-13.81461
-14.52347
-15.17691
-15.75006
-16.21613
-16.54781
-16.71924
-16.7084
-16.49955
-16.08555
-15.46938
-14.66474
-13.69517
-12.59213
-11.39204
-10.13298
-8.851615
-7.580655
-6.347283
-5.172423
-4.070772
-3.051362
-2.11842
-1.272332
-0.5105883
0.1713769
0.7794847
1.320451
1.801359
2.229342
2.611368
2.954079
3.26371
3.546026
3.806308
4.049345
4.279456
4.500507
4.715941
4.928807
5.141792
5.357247
5.577212
5.803437
6.037396
6.280297
6.533086
6.796445
7.070781
7.356211
7.652544
7.959247
8.275419
8.599755
8.930503
9.265437
9.601817
9.936373
10.26529
10.58421
10.88828
11.17221
11.43037
11.65693
11.84605
11.99209
12.08984
12.13482
12.12352
12.05366
11.92437
11.73634
11.49185
11.19476
10.85031
10.46497
10.0461
9.601614
9.139677
8.668343
8.19528
7.72753
7.27134
6.832054
6.41407
6.020841
5.654932
5.318088
5.011341
4.735109
4.489312
4.273474
4.086821
3.928373
3.79702
3.691584
3.61088
3.553755
3.519126
3.506005
3.51352
3.540925
3.587611
3.653111
3.737098
3.839383
3.959914
4.098764
4.256124
4.432294
4.627666
4.842709
5.07795
5.33395
5.611271
5.910451
6.23195
6.576111
6.943089
7.332791
7.74478
8.178189
8.631603
9.102941
9.589324
10.08694
10.59089
11.09513
11.59231
12.07377
12.52959
12.94869
13.3191
13.62837
13.86406
14.01446
14.06929
14.02059
13.86339
13.59633
13.22208
12.74731
12.18246
11.5411
10.83908
10.09349
9.321638
8.54012
7.764036
7.006458
6.278121
5.58733
4.940039
4.340054
3.789303
3.288152
2.835714
2.430147
2.068918
1.749029
1.467207
1.220053
1.004166
0.8162254
0.6530557
0.5116714
0.3893019
0.2834046
0.1916678
0.1120067
0.04255317
-0.01835797
-0.07220446
-0.1202941
-0.1637823
-0.2036896
-0.240919
-0.2762719
-0.3104633
-0.3441365
-0.3778755
-0.4122176
-0.4476644
-0.4846917
-0.523759
-0.5653183
-0.6098219
-0.6577303
-0.7095192
-0.7656865
-0.8267596
-0.8933016
-0.9659187
-1.045267
-1.132059
-1.227074
-1.331161
-1.445251
-1.570365
-1.70762
-1.858243
-2.023577
-2.20509
-2.404387
-2.623218
-2.863483
-3.127243
-3.416716
-3.734279
-4.082462
-4.463925
-4.881434
-5.337813
-5.835878
-6.378336
-6.967654
-7.605877
-8.294381
-9.033568
-9.822459
-10.65821
-11.53551
-12.44594
-13.37719
-14.31237
-15.22935
-16.10044
-16.89243
-17.56739
-18.08439
-18.40228
-18.48347
-18.29839
-17.83006
-17.07761
-16.05802
-14.80529
-13.36703
-11.79909
-10.15942
-8.502453
-6.874914
-5.313567
-3.844656
-2.48468
-1.241907
-0.1181831
0.8893195
1.786581
2.581513
3.283033
3.900398
4.442755
4.918842
5.336813
5.704146
6.027603
6.313235
6.566404
6.791828
6.993619
7.175342
7.34006
7.490384
7.628519
7.756309
7.875272
7.986639
8.091387
8.190269
8.283838
8.372477
8.456417
8.535761
8.610502
8.680544
8.745716
8.805791
8.860503
8.909558
8.952653
8.989488
9.019782
9.043281
9.059773
9.069097
9.071155
9.065914
9.053419
9.033791
9.007233
8.974029
8.934543
8.889216
8.838559
8.78315
8.723622
8.660654
8.594965
8.527299
8.458419
8.38909
8.320077
8.252126
8.185966
8.122291
8.061759
8.004985
7.952538
7.904932
7.862629
7.826036
7.795501
7.771317
7.753719
7.742883
7.738935
7.74194
7.751913
7.768816
7.792556
7.822993
7.859932
7.903129
7.952291
8.007072
8.067076
8.131858
8.200919
8.273712
8.349639
8.428053
8.50826
8.589521
8.671055
8.752045
8.831641
8.908972
8.983151
9.053283
9.118481
9.177879
9.230639
9.275976
9.313162
9.34155
9.360587
9.369826
9.368938
9.357727
9.336137
9.304253
9.262309
9.210686
9.149903
9.080615
9.003598
8.919736
8.830004
8.735453
8.637187
8.536347
8.434088
8.331563
8.229907
8.130217
8.033541
7.940869
7.853118
7.771131
7.695668
7.627407
7.566941
7.514776
7.471338
7.436972
7.411945
7.396451
7.390613
7.394488
7.408068
7.431286
7.464012
7.50606
7.557187
7.61709
7.685409
7.761723
7.845549
7.936339
8.033477
8.136277
8.24398
8.355751
8.47068
8.587778
8.705982
8.824154
8.94109
9.055525
9.166144
9.271596
9.370512
9.461521
9.543278
9.614483
9.673918
9.720464
9.753141
9.771132
9.773808
9.760755
9.73179
9.686976
9.626631
9.551323
9.461865
9.3593
9.244881
9.120041
8.986361
8.845537
8.69934
8.54958
8.398073
8.246599
8.096882
7.950559
7.809158
7.674087
7.546618
7.427888
7.318887
7.22047
7.133353
7.058126
6.995257
6.945107
6.907932
6.8839
6.873098
6.875537
6.891163
6.919863
6.961467
7.015752
7.082442
7.161207
7.251664
7.353368
7.465811
7.588411
7.720505
7.861345
8.01008
8.165753
8.32729
8.493488
8.663014
8.834395
9.006019
9.176137
9.342869
9.504221
9.658097
9.802333
9.934728
10.05308
10.15525
10.2392
10.30305
10.34516
10.36417
10.35904
10.32916
10.27432
10.19477
10.09122
9.964849
9.817257
9.650441
9.466737
9.268753
9.059296
8.841296
8.617728
8.39154
8.165588
7.942578
7.725023
7.515208
7.315168
7.126678
6.951253
6.790154
6.644398
6.514784
6.40191
6.306195
6.227909
6.167193
6.124081
6.098524
6.090405
6.099555
6.125767
6.168804
6.228406
6.304291
6.39616
6.503691
6.62653
6.76429
6.916532
7.082756
7.262379
7.454721
7.658981
7.874213
8.099301
8.332937
8.573593
8.819499
9.068625
9.318662
9.567016
9.810808
10.04689
10.27187
10.48217
10.67404
10.84371
10.98744
11.10165
11.18307
11.22882
11.23661
11.20484
11.13268
11.02019
10.86833
10.67897
10.45487
10.19954
9.91715
9.612379
9.290234
8.955878
8.614461
8.270965
7.930073
7.596067
7.272754
6.963426
6.670839
6.397225
6.144318
5.913392
5.705312
5.520592
5.359448
5.221857
5.107609
5.016357
4.947662
4.901027
4.875933
4.871865
4.888332
4.924881
4.981111
5.056681
5.151304
5.264757
5.396865
5.547499
5.716563
5.903973
6.109643
6.333457
6.575242
6.834734
7.111539
7.405092
7.714605
8.039016
8.376927
8.726546
9.085625
9.451395
9.820514
10.18902
10.55231
10.90513
11.24159
11.55529
11.83937
12.08674
12.29027
12.44313
12.53903
12.57266
12.53998
12.43854
12.26774
12.02897
11.72563
11.36306
10.94826
10.4896
9.996379
9.478373
8.945406
8.406932
7.8717
7.347502
6.84101
6.357702
5.901856
5.476608
5.084052
4.725364
4.400947
4.110567
3.853495
3.628632
3.434621
3.269946
3.133014
3.02222
2.936003
2.872887
2.831513
2.810658
2.809254
2.826396
2.861346
2.913536
2.982564
3.068193
3.170342
3.289087
3.424646
3.577375
3.747761
3.936406
4.144021
4.37141
4.61945
4.889077
5.181254
5.496943
5.837062
6.202437
6.593741
7.011416
7.455585
7.925935
8.421595
8.940977
9.481613
10.03997
10.61124
11.18917
11.76588
12.33175
12.87534
13.38353
13.84164
14.23396
14.54431
14.75691
14.85744
14.83418
14.67914
14.38906
13.96603
13.41773
12.75707
12.00139
11.17116
10.28857
9.375968
8.454525
7.543188
6.657966
5.811594
5.013494
4.269982
3.584618
2.958642
2.391423
1.880899
1.423962
1.016797
0.6551556
0.3345759
0.05055266
-0.201339
-0.4253551
-0.6255241
-0.8056131
-0.9691109
-1.119227
-1.258897
-1.390804
-1.517392
-1.640895
-1.76336
-1.886674
-2.012588
-2.142744
-2.278698
-2.421942
-2.573924
-2.736067
-2.909787
-3.096503
-3.297653
-3.5147
-3.749138
-4.002493
-4.276323
-4.572206
-4.891723
-5.236437
-5.607858
-6.00739
-6.436273
-6.895497
-7.385698
-7.907023
-8.458975
-9.04022
-9.64836
-10.27968
-10.9289
-11.58883
-12.2502
-12.90136
-13.52822
-14.11427
-14.64088
-15.08779
-15.43406
-15.65924
-15.74495
-15.67646
-15.44446
-15.04633
-14.48699
-13.77899
-12.94171
-11.99988
-10.98157
-9.915908
-8.831028
-7.752357
-6.701451
-5.695405
-4.746763
-3.863795
-3.051022
-2.309847
-1.639214
-1.036225
-0.4966811
-0.01553258
0.4127547
0.7939209
1.133703
1.437685
1.711199
1.959259
2.186528
2.397308
2.595538
2.784815
2.968411
3.149303
3.330199
3.513571
3.701676
3.896591
4.10023
4.314366
4.540644
4.780593
5.035631
5.307061
5.596063
5.903678
6.230781
6.578044
6.945893
7.334442
7.743428
8.172121
8.619226
9.082773
9.559999
10.04722
10.53973
11.03165
11.51593
11.98423
12.42704
12.83377
13.19302
13.49292
13.72168
13.86819
13.92274
13.87777
13.72855
13.47376
13.11584
12.66101
12.11905
11.50273
10.82698
10.10802
9.362342
8.605841
7.853081
7.116771
6.407443
5.73335
5.100511
4.512885
3.972616
3.480322
3.035385
2.636234
2.280598
1.965725
1.68857
1.44594
1.234619
1.051453
0.893416
0.7576567
0.6415264
0.5425949
0.4586561
0.3877261
0.3280357
0.2780192
0.2363003
0.2016771
0.1731063
0.1496877
0.1306484
0.115329
0.1031698
0.09369859
0.08651929
0.08130224
0.07777518
0.07571547
0.07494335
0.07531604
0.07672279
0.0790806
0.08233073
0.08643567
0.09137683
0.09715262
0.1037769
0.1112781
0.1196981
0.1290921
0.1395285
0.1510887
0.1638677
0.1779746
0.1935333
0.2106838
0.2295832
0.2504073
0.2733523
0.2986368
0.326504
0.3572242
0.3910979
0.4284587
0.4696771
0.5151642
0.5653765
0.6208206
0.6820585
0.7497141
0.8244794
0.9071221
0.9984935
1.099538
1.211301
1.334942
1.471743
1.623125
1.790653
1.97606
2.181251
2.40832
2.659567
2.9375
3.244852
3.58458
3.959859
4.374076
4.83079
5.333692
5.886518
6.492933
7.156361
7.879744
8.665216
9.513665
10.42417
11.39328
12.41415
13.4755
14.56051
15.64571
16.7
17.68422
18.55146
19.24866
19.71985
19.91113
19.77718
19.28841
18.43724
17.24172
15.74518
14.01137
12.11622
10.13819
8.149647
6.210779
4.366831
2.648085
1.071734
-0.3553746
-1.633873
-2.76934
-3.770285
-4.64666
-5.408844
-6.066998
-6.630691
-7.108722
-7.509072
-7.838933
-8.104789
-8.312518
-8.467495
-8.574701
-8.638806
-8.664249
-8.655289
-8.616043
-8.550511
-8.462576
-8.356003
-8.234423
-8.101313
-7.959974
-7.813509
-7.664801
-7.516503
-7.371019
-7.230505
-7.096864
-6.971755
-6.856601
-6.752599
-6.660744
-6.581838
-6.516515
-6.465259
-6.42842
-6.406239
-6.398854
-6.406324
-6.428636
-6.465716
-6.517438
-6.583625
-6.664056
-6.758462
-6.866527
-6.987876
-7.122076
-7.268619
-7.426914
-7.59627
-7.775885
-7.964824
-8.162006
-8.366185
-8.575936
-8.789636
-9.005456
-9.221356
-9.435078
-9.644159
-9.845941
-10.03761
-10.2162
-10.37871
-10.5221
-10.6434
-10.7398
-10.80874
-10.84801
-10.85583
-10.83097
-10.7728
-10.68136
-10.55735
-10.40221
-10.21801
-10.00744
-9.773702
-9.520418
-9.251512
-8.971075
-8.683246
-8.392094
-8.101516
-7.815151
-7.536314
-7.26795
-7.012614
-6.772459
-6.549246
-6.344367
-6.158872
-5.993507
-5.848753
-5.724866
-5.621922
-5.539849
-5.478465
-5.437513
-5.416681
-5.415631
-5.434016
-5.471491
-5.52773
-5.602423
-5.695284
-5.80605
-5.934472
-6.080306
-6.243306
-6.423203
-6.619685
-6.832379
-7.060818
-7.304413
-7.562421
-7.833902
-8.117681
-8.412307
-8.716005
-9.026639
-9.341668
-9.658116
-9.972549
-10.28106
-10.57931
-10.8625
-11.12553
-11.363
-11.56942
-11.73936
-11.86762
-11.94951
-11.98105
-11.95921
-11.88214
-11.7493
-11.56161
-11.32143
-11.03253
-10.69996
-10.32982
-9.929008
-9.504898
-9.065064
-8.616967
-8.167705
-7.723802
-7.291058
-6.874452
-6.4781
-6.105262
-5.758381
-5.439156
-5.148625
-4.88726
-4.655072
-4.451698
-4.276499
-4.128636
-4.007144
-3.910989
-3.839127
-3.790537
-3.76426
-3.759421
-3.77525
-3.81109
-3.866413
-3.940816
-4.034026
-4.145894
-4.276393
-4.425606
-4.59372
-4.781006
-4.987811
-5.214532
-5.461594
-5.729423
-6.018411
-6.328875
-6.661008
-7.014822
-7.390083
-7.786226
-8.202273
-8.636727
-9.087467
-9.551626
-10.02547
-10.50431
-10.98234
-11.45266
-11.90718
-12.33669
-12.731
-13.07917
-13.36985
-13.59179
-13.73441
-13.78848
-13.74677
-13.60478
-13.36119
-13.01823
-12.5817
-12.06078
-11.46749
-10.81597
-10.12162
-9.400167
-8.666875
-7.935806
-7.219318
-6.52775
-5.86929
-5.250005
-4.673985
-4.143566
-3.659593
-3.221695
-2.828547
-2.478123
-2.167899
-1.895041
-1.656553
-1.449391
-1.270558
-1.117169
-0.9864992
-0.8760145
-0.7833905
-0.7065198
-0.6435129
-0.5926927
-0.5525852
-0.5219079
-0.4995563
-0.4845902
-0.4762192
-0.4737897
-0.4767718
-0.4847475
-0.4974005
-0.5145062
-0.5359241
-0.5615909
-0.5915144
-0.6257696
-0.6644952
-0.7078911
-0.7562177
-0.8097951
-0.8690042
-0.9342881
-1.006155
-1.085179
-1.17201
-1.26737
-1.372068
-1.486997
-1.61315
-1.75162
-1.903612
-2.070451
-2.25359
-2.454617
-2.675265
-2.917419
-3.183116
-3.474554
-3.794081
-4.144192
-4.527504
-4.946732
-5.404635
-5.903949
-6.447284
-7.03699
-7.674969
-8.362434
-9.099589
-9.885235
-10.71628
-11.58715
-12.48916
-13.40975
-14.33183
-15.2332
-16.0862
-16.85792
-17.51099
-18.00538
-18.30115
-18.36219
-18.16059
-17.68089
-16.92347
-15.90602
-14.66254
-13.23998
-11.69294
-10.07785
-8.447488
-6.847138
-5.312375
-3.868596
-2.531768
-1.30989
-0.204724
0.7865203
1.669717
2.452644
3.14408
3.753159
4.288922
4.760022
5.174552
5.539943
5.862926
6.149531
6.405108
6.634359
6.841389
7.029746
7.202476
7.362162
7.510976
7.650714
7.782838
7.908507
8.028614
8.14381
8.254534
8.361034
8.463392
8.561545
8.655305
8.744376
8.828377
8.906859
8.97932
9.045231
9.104047
9.15523
9.198264
9.232678
9.258055
9.274054
9.280422
9.277006
9.263763
9.240769
9.208223
9.166445
9.115882
9.057096
8.990758
8.917642
8.838608
8.754587
8.666569
8.575583
8.482683
8.388927
8.295369
8.203035
8.112916
8.025957
7.943045
7.865
7.792576
7.726448
7.667219
7.615412
7.571473
7.535774
7.508613
7.490214
7.480737
7.480272
7.488849
7.506435
7.532938
7.568208
7.61204
7.66417
7.724276
7.791982
7.866848
7.948377
8.036005
8.129106
8.226988
8.328887
8.433973
8.541347
8.650041
8.759024
8.867202
8.973431
9.076521
9.175248
9.268371
9.354647
9.432851
9.501798
9.560365
9.607517
9.642332
9.664027
9.671979
9.66575
9.645099
9.610002
9.560653
9.497472
9.421098
9.33238
9.232359
9.12225
9.003413
8.877325
8.745551
8.609707
8.471432
8.332356
8.194073
8.058114
7.925933
7.798879
7.678196
7.565005
7.460304
7.364966
7.279741
7.205258
7.142033
7.090476
7.050897
7.023516
7.008468
7.005814
7.015545
7.037588
7.071809
7.118019
7.175972
7.245368
7.325848
7.416996
7.518329
7.629299
7.749279
7.877561
8.013347
8.155742
8.303746
8.456247
8.612015
8.769703
8.92784
9.084839
9.239001
9.388525
9.531531
9.666076
9.790185
9.901889
9.999262
10.08047
10.14381
10.18778
10.21111
10.21283
10.19228
10.1492
10.08369
9.996261
9.887831
9.759699
9.61352
9.451262
9.275158
9.087641
8.891281
8.688723
8.482621
8.275577
8.070092
7.868522
7.673043
7.485624
7.308017
7.141747
6.988112
6.848195
6.722872
6.61283
6.518588
6.44051
6.378833
6.333681
6.305088
6.293007
6.297331
6.317904
6.354526
6.406962
6.474949
6.558191
6.65636
6.769092
6.89598
7.036562
7.190313
7.356627
7.534801
7.724019
7.923331
8.131633
8.347647
8.569897
8.796699
9.026139
9.256064
9.484081
9.707558
9.923641
10.12928
10.32127
10.4963
10.65104
10.78221
10.88669
10.96161
11.00451
11.01338
10.98681
10.92409
10.82523
10.69102
10.52303
10.32359
10.09569
9.842902
9.569249
9.27908
8.976914
8.667296
8.354674
8.043274
7.737015
7.439432
7.153636
6.88229
6.627605
6.391355
6.174908
5.97926
5.80508
5.652757
5.522449
5.414122
5.327603
5.26261
5.218792
5.195758
5.193098
5.210407
5.247299
5.303415
5.378433
5.472069
5.584073
5.714227
5.862336
6.028214
6.211667
6.412476
6.630371
6.865003
7.115913
7.382494
7.663953
7.959262
8.267115
8.585874
8.91352
9.247605
9.585205
9.922885
10.25668
10.58208
10.89408
11.1872
11.45558
11.69317
11.89381
12.05154
12.1608
12.2167
12.21536
12.15409
12.03169
11.84855
11.60673
11.30994
10.96342
10.57368
10.14825
9.695282
9.223223
8.74046
8.255001
7.774222
7.304681
6.852
6.420807
6.014744
5.636513
5.287956
4.97016
4.683566
4.428084
4.203209
4.008122
3.841782
3.703009
3.590556
3.503159
3.439592
3.398699
3.379421
3.380819
3.402085
3.442556
3.501712
3.579182
3.674739
3.788298
3.919909
4.069748
4.238108
4.425387
4.632072
4.858723
5.105949
5.374387
5.664668
5.977379
6.313021
6.671949
7.05431
7.459963
7.888389
8.33858
8.808926
9.297076
9.799796
10.31283
10.83075
11.34684
11.85303
12.33984
12.79648
13.21101
13.57065
13.86227
14.07298
14.19095
14.20617
14.11137
13.90273
13.58049
13.14915
12.61746
11.99788
11.30583
10.55867
9.774587
8.971502
8.166154
7.373382
6.60568
5.872983
5.182673
4.53974
3.947046
3.405648
2.915128
2.473931
2.079651
1.729298
1.419511
1.146738
0.9073726
0.6978599
0.5147726
0.3548645
0.2151032
0.0926889
-0.01494002
-0.1101093
-0.194918
-0.2712526
-0.3408035
-0.4050835
-0.4654473
-0.523111
-0.5791712
-0.6346236
-0.6903804
-0.7472868
-0.8061368
-0.8676876
-0.932673
-1.001816
-1.075842
-1.155487
-1.241513
-1.334713
-1.435924
-1.546039
-1.666011
-1.796867
-1.939715
-2.095753
-2.266282
-2.452708
-2.656555
-2.879467
-3.123217
-3.389708
-3.68097
-3.999156
-4.346527
-4.725431
-5.138265
-5.587429
-6.075246
-6.603868
-7.175135
-7.790403
-8.450308
-9.154477
-9.901173
-10.68686
-11.50569
-12.34897
-13.20458
-14.05641
-14.88399
-15.66228
-16.362
-16.95038
-17.3928
-17.65516
-17.70693
-17.5247
-17.09559
-16.41987
-15.51216
-14.40075
-13.12493
-11.73096
-10.26738
-8.780525
-7.311146
-5.892273
-4.548475
-3.296159
-2.144568
-1.097101
-0.1526997
0.692884
1.446016
2.114327
2.706067
3.229641
3.693278
4.104825
4.471608
4.800367
5.097214
5.367644
5.616539
5.848204
6.066397
6.274367
6.474889
6.670304
6.862547
7.053179
7.243411
7.434129
7.625911
7.819042
8.013527
8.209104
8.405247
8.601184
8.795898
8.988143
9.176455
9.359171
9.534453
9.700315
9.854658
9.995317
10.12011
10.22688
10.3136
10.37839
10.41961
10.43594
10.4264
10.39047
10.32804
10.23953
10.12583
9.988325
9.828841
9.649619
9.45324
9.242555
9.020601
8.790519
8.555472
8.318566
8.082781
7.850918
7.625552
7.409001
7.203307
7.010229
6.831247
6.667572
6.520165
6.389757
6.276878
6.18188
6.104966
6.046214
6.005603
5.983034
5.978347
5.99134
6.021777
6.069402
6.133944
6.215115
6.312616
6.42613
6.555314
6.699793
6.859142
7.032877
7.220429
7.42113
7.634184
7.858645
8.093386
8.337078
8.588156
8.844793
9.104884
9.36602
9.625482
9.880241
10.12697
10.36207
10.58171
10.78194
10.95869
11.10797
11.22596
11.30913
11.35442
11.35941
11.32239
11.24256
11.12002
10.95592
10.75234
10.51234
10.23979
9.939253
9.615799
9.274839
8.92191
8.562499
8.201874
7.844947
7.496172
7.159465
6.838174
6.535063
6.252331
5.991646
5.754191
5.540726
5.351647
5.18705
5.046793
4.93055
4.837869
4.768212
4.720998
4.695635
4.691546
4.708193
4.745088
4.801809
4.878002
4.973386
5.087749
5.220945
5.372883
5.543515
5.732821
5.94079
6.167391
6.412551
6.676117
6.957818
7.257221
7.573681
7.90628
8.253774
8.614516
8.986395
9.366762
9.752362
10.13928
10.52291
10.8979
11.25822
11.59717
11.90751
12.18165
12.41183
12.59047
12.7105
12.76574
12.75128
12.66391
12.50234
12.26746
11.96241
11.59249
11.16491
10.68851
10.17321
9.629571
9.068281
8.499664
7.93331
7.377768
6.840362
6.327091
5.842628
5.390376
4.972585
4.590489
4.244464
3.934189
3.658799
3.417024
3.207317
3.027958
2.877143
2.75306
2.653947
2.578132
2.524069
2.490362
2.475777
2.479256
2.499917
2.537057
2.590147
2.658835
2.742931
2.842411
2.957404
3.088186
3.235175
3.398925
3.580112
3.779531
3.998083
4.236762
4.496638
4.778841
5.084532
5.414873
5.770984
6.153889
6.564456
7.00331
7.47073
7.966533
8.489922
9.039316
9.612156
10.20468
10.81172
11.42643
12.04013
12.64211
13.2196
13.75782
14.24026
14.64917
14.96634
15.17411
15.25664
15.20127
14.99986
14.64992
14.15527
13.52615
12.77867
11.93364
11.015
10.048
9.057457
8.066273
7.094349
6.157954
5.269509
4.437706
3.667857
2.962384
2.321348
1.742976
1.224146
0.7608032
0.3482988
-0.01832856
-0.3441437
-0.6341573
-0.8932144
-1.125919
-1.336592
-1.529241
-1.707566
-1.874956
-2.03451
-2.18906
-2.341193
-2.493281
-2.647508
-2.805898
-2.970343
-3.142623
-3.324431
-3.517393
-3.72308
-3.943023
-4.17872
-4.43164
-4.703219
-4.994852
-5.307875
-5.643544
-6.002994
-6.387196
-6.79689
-7.23251
-7.694086
-8.181125
-8.692476
-9.226168
-9.779233
-10.34752
-10.92548
-11.50602
-12.08032
-12.63776
-13.16593
-13.65079
-14.07697
-14.42833
-14.6887
-14.84289
-14.87775
-14.7834
-14.55427
-14.18995
-13.69562
-13.08192
-12.36441
-11.56243
-10.6977
-9.79278
-8.869657
-7.948487
-7.046749
-6.178731
-5.355371
-4.584367
-3.870469
-3.215897
-2.620787
-2.083646
-1.601764
-1.171578
-0.7889762
-0.4495428
-0.148749
0.1179027
0.3547741
0.566021
0.7555486
0.9269878
1.083688
1.228719
1.36489
1.494759
1.620663
1.744743
1.868962
1.995142
2.124981
2.260081
2.401971
2.552126
2.711989
2.882987
3.066545
3.2641
3.477111
3.707064
3.955473
4.223882
