13.59402
13.55665
13.4262
13.20426
12.89551
12.50739
12.04969
11.53392
10.97262
10.3787
9.764802
9.142798
8.523415
7.915974
7.328267
6.766537
6.235543
5.738674
5.278105
4.854973
4.469552
4.121424
3.809634
3.532834
3.289407
3.077563
2.895436
2.741143
2.612847
2.508797
2.427359
2.367037
2.326496
2.304563
2.300238
2.312695
2.341278
2.385504
2.445057
2.519779
2.609675
2.714897
2.835747
2.972667
3.126232
3.297146
3.486233
3.694423
3.922744
4.172304
4.444267
4.739826
5.06017
5.406431
5.77963
6.180597
6.609881
7.067634
7.553475
8.066331
8.604253
9.164223
9.741943
10.33164
10.92588
11.51548
12.08947
12.63523
13.13873
13.58506
13.95908
14.2463
14.43386
14.51151
14.47253
14.31436
14.03901
13.65294
13.16662
12.59382
11.95055
11.25404
10.5217
9.770195
9.014759
8.268734
7.543288
6.847353
6.187683
5.569035
4.994392
4.465231
3.981787
3.543309
3.148295
2.794693
2.480077
2.201794
1.95708
1.743154
1.557288
1.396862
1.259399
1.142594
1.044325
0.962663
0.895873
0.8424103
0.8009148
0.7702024
0.7492553
0.7372122
0.7333575
0.7371117
0.7480216
0.7657519
0.7900779
0.8208784
0.8581303
0.9019046
0.9523631
1.009756
1.074423
1.146789
1.227371
1.316776
1.415706
1.524964
1.645454
1.778193
1.92431
2.08506
2.261824
2.456118
2.669597
2.904058
3.16144
3.44382
3.7534
4.09249
4.463474
4.868763
5.310729
5.791603
6.31335
6.877492
7.48489
8.135457
8.827823
9.558924
10.32355
11.11385
11.9189
12.72429
13.51196
14.26027
14.94456
15.53815
16.01396
16.34651
16.51427
16.50193
16.30221
15.91692
15.35695
14.64131
13.79525
12.84789
11.82982
10.77083
9.698191
8.635504
7.602096
6.61289
5.678625
4.806301
3.999721
3.260083
2.586536
1.976687
1.427033
0.9333288
0.4908719
0.09473522
-0.2600612
-0.5784221
-0.865087
-1.12457
-1.361124
-1.578721
-1.78105
-1.971522
-2.153282
-2.32923
-2.502043
-2.674193
-2.847974
-3.025526
-3.208853
-3.399842
-3.600282
-3.811875
-4.036245
-4.274942
-4.529441
-4.801133
-5.091311
-5.401146
-5.731651
-6.083637
-6.457654
-6.85392
-7.272232
-7.711866
-8.17146
-8.648889
-9.141134
-9.644151
-10.15276
-10.66055
-11.15988
-11.64188
-12.0966
-12.51325
-12.88062
-13.18748
-13.42327
-13.57866
-13.64628
-13.62124
-13.50158
-13.28853
-12.98644
-12.60261
-12.14676
-11.63047
-11.06645
-10.46785
-9.847631
-9.217988
-8.589981
-7.973247
-7.375864
-6.80432
-6.263576
-5.757179
-5.287422
-4.855522
-4.461801
-4.10586
-3.786744
-3.503086
-3.253236
-3.035365
-2.847554
-2.687872
-2.554423
-2.4454
-2.359113
-2.294009
-2.248698
-2.221954
-2.212724
-2.220131
-2.243471
-2.282212
-2.335992
-2.40461
-2.488024
-2.586346
-2.699837
-2.8289
-2.974077
-3.136038
-3.315582
-3.513619
-3.731168
-3.969338
-4.22931
-4.512318
-4.819615
-5.152431
-5.511925
-5.89912
-6.314814
-6.759483
-7.233155
-7.735258
-8.264449
-8.818418
-9.39368
-9.985354
-10.58697
-11.19029
-11.78524
-12.35992
-12.90078
-13.39297
-13.82097
-14.1693
-14.42354
-14.57134
-14.60346
-14.5146
-14.30399
-13.97559
-13.53786
-13.0031
-12.38662
-11.70558
-10.97792
-10.22131
-9.452309
-8.685743
-7.934312
-7.208414
-6.516146
-5.863428
-5.254223
-4.690792
-4.173974
-3.703459
-3.278043
-2.895856
-2.554556
-2.251496
-1.983858
-1.748762
-1.543351
-1.364849
-1.210614
-1.078163
-0.9651968
-0.8696066
-0.7894806
-0.723101
-0.6689389
-0.6256458
-0.5920438
-0.5671145
-0.5499879
-0.539931
-0.5363372
-0.5387162
-0.5466844
-0.5599571
-0.5783409
-0.6017279
-0.6300902
-0.6634763
-0.7020079
-0.7458781
-0.7953509
-0.8507607
-0.9125141
-0.9810916
-1.057051
-1.14103
-1.233753
-1.336035
-1.44879
-1.573036
-1.709904
-1.860643
-2.026636
-2.2094
-2.410598
-2.632044
-2.875708
-3.143717
-3.43835
-3.762028
-4.11729
-4.506761
-4.933096
-5.3989
-5.906621
-6.458396
-7.055849
-7.699832
-8.390094
-9.124877
-9.900444
-10.71054
-11.54585
-12.39347
-13.2365
-14.05393
-14.82087
-15.50928
-16.08945
-16.53193
-16.81012
-16.9029
-16.79708
-16.48919
-15.98609
-15.30444
-14.46899
-13.5101
-12.46094
-11.35478
-10.22273
-9.092236
-7.986109
-6.922251
-5.91379
-4.969523
-4.094522
-3.290793
-2.557925
-1.89368
-1.294497
-0.7559194
-0.2729342
0.1597605
0.5475533
0.8957714
1.209572
1.493873
1.75331
1.992212
2.214596
2.42417
2.624347
2.818263
3.008795
3.198591
3.390084
3.585523
3.786983
3.99639
4.215532
4.446064
4.689518
4.947296
5.220663
5.51073
5.818432
6.144489
6.489362
6.853203
7.235779
7.636402
8.053837
8.48621
8.930908
9.384489
9.842596
10.2999
10.7501
11.1859
11.59919
11.98115
12.32258
12.61423
12.84722
13.01358
13.10665
13.12165
13.05597
12.90944
12.68443
12.38573
12.02027
11.59677
11.12519
10.61624
10.08083
9.529591
8.972519
8.418648
7.87587
7.350837
6.84894
6.374351
5.930118
5.518277
5.139996
4.795711
4.485263
4.208029
3.963037
3.749071
3.564758
3.408643
3.279251
3.175135
3.094917
3.037318
3.001177
2.985471
2.989322
3.012005
3.052952
3.111748
3.188136
3.282004
3.393388
3.522461
3.669526
3.835004
4.019424
4.223409
4.447655
4.69291
4.959948
5.249533
5.562378
5.899089
6.260109
6.645634
7.055527
7.48921
7.945542
8.422688
8.917969
9.427721
9.947153
10.47023
10.98961
11.4966
11.9813
12.43272
12.83917
13.18868
13.46962
13.67134
13.78491
13.80379
13.72438
13.54637
13.27288
12.9103
12.46786
11.95706
11.39092
10.78324
10.14783
9.497906
8.845609
8.201629
7.575033
6.973188
6.4018
5.865027
5.365633
4.90518
4.484222
4.102497
3.759105
3.452667
3.181472
2.943589
2.736971
2.559535
2.409227
2.284066
2.182189
2.10187
2.041545
1.999818
1.97547
1.967461
1.974929
1.997188
2.033722
2.084182
2.148382
2.22629
2.318028
2.423862
2.544202
2.679594
2.83072
2.998389
3.183534
3.387204
3.610556
3.854841
4.12139
4.411588
4.726848
5.068569
5.43808
5.836578
6.265037
6.724101
7.213947
7.734127
8.283375
8.859395
9.458622
10.07598
10.70465
11.33587
11.95885
12.56075
13.1269
13.64117
14.08665
14.44653
14.70517
14.8493
14.86915
14.7594
14.51982
14.15536
13.6759
13.09546
12.43112
11.7018
10.92698
10.12559
9.315159
8.511115
7.726479
6.97171
6.254759
5.581253
4.954761
4.377094
3.848615
3.368542
2.935212
2.546327
2.19915
1.890682
1.617784
1.377291
1.166091
0.9811847
0.8197242
0.6790428
0.5566701
0.4503376
0.3579793
0.2777259
0.2078955
0.1469826
0.09364429
0.04668697
0.005051512
-0.03220063
-0.06590122
-0.09678837
-0.1255189
-0.1526801
-0.1788001
-0.2043583
-0.2297942
-0.255516
-0.2819084
-0.3093398
-0.3381691
-0.3687521
-0.4014476
-0.436623
-0.4746601
-0.5159611
-0.5609535
-0.6100966
-0.6638868
-0.7228645
-0.7876198
-0.8588003
-0.9371177
-1.023356
-1.118381
-1.223146
-1.338708
-1.466229
-1.606994
-1.762422
-1.934072
-2.123658
-2.33306
-2.564332
-2.819709
-3.101611
-3.412637
-3.755558
-4.133289
-4.548853
-5.005316
-5.505692
-6.052811
-6.649132
-7.296497
-7.995803
-8.746589
-9.546526
-10.39082
-11.27155
-12.17697
-13.09092
-13.99237
-14.85541
-15.64975
-16.34194
-16.89746
-17.2835
-17.47225
-17.44409
-17.1902
-16.71396
-16.03081
-15.16659
-14.15475
-13.03291
-11.83948
-10.6108
-9.379045
-8.171046
-7.007826
-5.904757
-4.872096
-3.915717
-3.037921
-2.238215
-1.51402
-0.8612677
-0.274901
0.2507358
0.7215932
1.143689
1.522941
1.865056
2.17545
2.459203
2.721039
2.965315
3.196027
3.41683
3.631047
3.8417
4.051523
4.262994
4.478343
4.699577
4.928491
5.16667
5.415499
5.676156
5.9496
6.236556
6.537491
6.852577
7.18166
7.524203
7.879242
8.245328
8.620467
9.002071
9.386912
9.77109
10.15003
10.51849
10.87067
11.20025
11.50063
11.76507
11.987
12.16032
12.27964
12.34069
12.34049
12.27765
12.15244
11.96684
11.72447
11.4304
11.09094
10.71329
10.30523
9.874754
9.429798
8.97794
8.526193
8.080857
7.647414
7.23049
6.833851
6.460449
6.112475
5.791445
5.498286
5.233429
4.996899
4.788401
4.607396
4.453175
4.324917
4.22174
4.142748
4.087065
4.053862
4.04238
4.051947
4.081988
4.132031
4.201711
4.29077
4.399053
4.526498
4.673131
4.839047
5.0244
5.229375
5.454168
5.698956
5.963856
6.248888
6.553923
6.878626
7.222392
7.584271
7.962893
8.35638
8.762265
9.177407
9.597924
10.01914
10.43555
10.84087
11.22807
11.58954
11.91726
12.20311
12.43918
12.61818
12.73382
12.78121
12.75722
12.66068
12.49258
12.25599
11.95597
11.59928
11.194
10.74913
10.27415
9.778563
9.271578
8.761764
8.256847
7.763561
7.287579
6.83351
6.404931
6.004477
5.633927
5.29433
4.986115
4.709208
4.463137
4.247135
4.060226
3.901296
3.769165
3.662633
3.580525
3.52173
3.48522
3.470076
3.475499
3.500818
3.545498
3.609143
3.69149
3.792409
3.911897
4.05007
4.207151
4.383457
4.579384
4.795388
5.031956
5.289584
5.568733
5.869793
6.193027
6.53851
6.906058
7.295143
7.7048
8.133521
8.579143
9.038733
9.508478
9.983588
10.45823
10.92548
11.37741
11.80514
12.19907
12.5492
12.84551
13.07846
13.23956
13.32188
13.32057
13.23327
13.06032
12.80485
12.47257
12.07149
11.61142
11.10338
10.55903
9.990086
9.407804
8.82261
8.243793
7.679337
7.135846
6.618555
6.131404
5.677149
5.257512
4.873329
4.524709
4.211178
3.93182
3.685393
3.470439
3.285367
3.128534
2.998301
2.89308
2.811371
2.751793
2.713099
2.694191
2.694133
2.712148
2.747626
2.80012
2.869346
2.955175
3.057633
3.17689
3.313257
3.467176
3.639214
3.830045
4.040443
4.271262
4.523417
4.797853
5.095517
5.417313
5.764049
6.136372
6.534689
6.959071
7.409137
7.883923
8.381732
8.899972
9.434982
9.981874
10.53438
11.08476
11.62375
12.14065
12.62353
13.05952
13.43539
13.73818
13.95595
14.07868
14.09897
14.01275
13.81968
13.5233
13.13081
12.65261
12.10157
11.49223
10.83983
10.15956
9.465813
8.771655
8.08848
7.425807
6.791245
6.190559
5.627816
5.105585
4.625153
4.186747
3.789754
3.432912
3.114486
2.832416
2.584446
2.368224
2.181383
2.021606
1.886674
1.774501
1.683158
1.610889
1.556119
1.517458
1.4937
1.483822
1.486977
1.502486
1.529836
1.56867
1.618784
1.680115
1.752744
1.836884
1.932883
2.041218
2.162493
2.297441
2.44692
2.611913
2.793528
2.992993
3.211658
3.450984
3.712532
3.997953
4.308963
4.647311
5.014735
5.412905
5.843343
6.307319
6.805723
7.338897
7.906439
8.506963
9.137825
9.794824
10.47189
11.16077
11.85083
12.52889
13.17928
13.78413
14.32398
14.77865
15.12856
15.35607
15.44708
15.39239
15.18871
14.83914
14.35307
13.74537
13.03516
12.24428
11.39566
10.51185
9.61384
8.720165
7.846446
7.005181
6.20581
5.454942
4.756688
4.11305
3.524304
2.989372
2.506153
2.071813
1.683028
1.336174
1.027491
0.7531993
0.5095906
0.2930914
0.1003074
-0.07195015
-0.2266502
-0.3665393
-0.4941453
-0.6117879
-0.7215924
-0.8255068
-0.9253201
-1.022682
-1.119123
-1.216073
-1.314881
-1.416837
-1.523184
-1.635139
-1.75391
-1.880709
-2.016766
-2.163346
-2.321756
-2.493361
-2.679589
-2.881942
-3.101995
-3.341406
-3.601906
-3.885292
-4.193414
-4.528148
-4.891357
-5.284843
-5.710272
-6.169079
-6.662346
-7.190648
-7.753856
-8.350909
-8.979544
-9.635993
-10.31467
-11.00784
-11.70539
-12.39461
-13.06023
-13.68463
-14.24833
-14.7309
-15.11211
-15.37337
-15.49931
-15.47924
-15.30831
-14.98816
-14.52691
-13.93852
-13.24162
-12.45797
-11.61079
-10.7232
-9.816957
-8.911478
-8.023259
-7.165628
-6.348767
-5.579913
-4.863689
-4.202489
-3.596878
-3.045977
-2.547807
-2.099594
-1.698025
-1.339453
-1.020064
-0.7360098
-0.4834965
-0.25886
-0.05861096
0.1205345
0.2816403
0.4275447
0.560864
0.6840018
0.7991635
0.908373
1.013492
1.116238
1.218208
1.320895
1.425709
1.533998
1.647065
1.766184
1.892619
2.027638
2.172529
2.32861
2.497244
2.679847
2.877897
3.092941
3.326593
3.580537
3.856517
4.156326
4.481781
4.83469
5.216804
5.629756
6.074966
6.553534
7.066097
7.61265
8.192335
8.803189
9.441865
10.10333
10.78058
11.46435
12.14294
12.80221
13.42566
13.99493
14.49047
14.89265
15.18301
15.34576
15.36923
15.24701
14.9788
14.57053
14.03399
13.3858
12.6461
11.83697
10.98089
10.09943
9.212216
8.336255
7.485582
6.671188
5.90115
5.180905
4.513601
3.900477
3.341233
2.834381
2.377547
1.967741
1.601571
1.275419
0.9855827
0.7283768
0.5002148
0.2976621
0.1174724
-0.0433913
-0.1877471
-0.3181941
-0.4371184
-0.546705
-0.648952
-0.7456881
-0.8385907
-0.9292053
-1.018965
-1.109208
-1.201198
-1.296143
-1.395208
-1.499539
-1.610269
-1.728543
-1.855524
-1.99241
-2.140446
-2.300936
-2.475251
-2.664838
-2.871228
-3.096038
-3.340975
-3.607828
-3.898461
-4.214796
-4.558782
-4.932358
-5.337395
-5.775617
-6.248498
-6.757128
-7.302043
-7.883017
-8.498807
-9.146862
-9.823
-10.52106
-11.23258
-11.94651
-12.64908
-13.3238
-13.95179
-14.51236
-14.98404
-15.34591
-15.57918
-15.66886
-15.60525
-15.38509
-15.01205
-14.49649
-13.85467
-13.10726
-12.27769
-11.39036
-10.46909
-9.53581
-8.609754
-7.706923
-6.839962
-6.018261
-5.248234
-4.533706
-3.876329
-3.276004
-2.731277
-2.23968
-1.798036
-1.402701
-1.049768
-0.735216
-0.455035
-0.2053105
0.01771462
0.2176
0.397684
0.5610739
0.710645
0.8490483
0.9787228
1.101912
1.220685
1.336951
1.452488
1.568959
1.687936
1.810916
1.939346
2.074637
2.218183
2.371375
2.535618
2.71234
2.903004
3.109116
3.332229
3.573942
3.835899
4.119777
4.427268
4.760054
5.119765
5.507924
5.92588
6.374708
6.855092
7.36718
7.910402
8.483261
9.083098
9.705831
10.3457
10.995
11.64395
12.28051
12.89056
13.45805
13.96561
14.39529
14.72963
14.95285
15.05218
15.01899
14.84974
14.54643
14.11654
13.5725
12.93071
12.21022
11.43143
10.61473
9.779442
8.942981
8.120328
7.323772
6.562886
5.844664
5.173772
4.552869
3.98293
3.463581
2.993402
2.570197
2.191226
1.853397
1.553423
1.287949
1.053639
0.8472544
0.6657002
0.5060584
0.3656085
0.2418371
0.1324386
0.03531117
-0.05145312
-0.1295801
-0.2006282
-0.2660036
-0.3269769
-0.3846986
-0.4402159
-0.4944874
-0.5483988
-0.6027765
-0.6584012
-0.7160211
-0.7763636
-0.8401471
-0.9080924
-0.9809326
-1.059425
-1.144358
-1.236567
-1.336939
-1.446423
-1.566044
-1.696909
-1.840219
-1.997278
-2.169503
-2.358431
-2.56573
-2.7932
-3.04278
-3.316544
-3.616695
-3.945552
-4.305519
-4.699052
-5.128591
-5.596482
-6.104853
-6.655465
-7.2495
-7.887304
-8.568062
-9.289412
-10.04699
-10.83397
-11.64054
-12.4535
-13.25597
-14.02737
-14.74376
-15.37871
-15.9047
-16.29504
-16.52615
-16.57998
-16.44606
-16.12286
-15.61825
-14.94876
-14.13806
-13.21458
-12.20908
-11.15223
-10.07269
-8.995704
-7.942298
-6.929041
-5.968146
-5.067861
-4.233012
-3.465588
-2.765324
-2.130236
-1.557089
-1.041785
-0.5796831
-0.1658467
0.204761
0.537136
0.8361308
1.106385
1.352283
1.577927
1.787135
1.983437
2.170092
2.350103
2.526237
2.70105
2.876909
3.056012
3.240414
3.432045
3.632726
3.844182
4.068052
4.305894
4.559183
4.829306
5.117543
5.425048
5.752815
6.10163
6.472021
6.864181
7.277888
7.712405
8.166368
8.637667
9.123315
9.619332
10.12063
10.62093
11.11276
11.58746
12.03534
12.44591
12.80822
13.11139
13.3451
13.50028
13.5697
13.54854
13.43481
13.22956
12.93693
12.56388
12.11975
11.61573
11.06415
10.4778
9.869345
9.250751
8.632906
8.025343
7.436094
6.871651
6.337016
5.835806
5.370406
4.942134
4.551418
4.197969
3.880934
3.599047
3.350747
3.13429
2.947834
2.789514
2.657498
2.55003
2.46547
2.402309
2.359193
2.334934
2.328511
2.339076
2.365954
2.408641
2.4668
2.540254
2.628988
2.733136
2.852981
2.988946
3.141592
3.311604
3.499787
3.707058
3.934424
4.182977
4.453863
4.748257
5.067329
5.412193
5.783852
6.183118
6.610525
7.066212
7.54979
8.060181
8.595446
9.152579
9.727314
10.31392
10.90504
11.49158
12.06267
12.60582
13.10714
13.55189
13.92506
14.2123
14.40083
14.48045
14.44444
14.29018
14.01953
13.63878
13.15821
12.59135
11.95403
11.26329
10.53637
9.789825
9.038827
8.296674
7.574533
6.881354
6.223936
5.607087
5.03385
4.505765
4.02313
3.585255
3.190689
2.837433
2.523106
2.245094
2.000669
1.787079
1.601623
1.441706
1.30487
1.188828
1.091476
1.010901
0.9453826
0.8933913
0.8535824
0.8247874
0.8060058
0.796394
0.7952563
0.8020346
0.8162996
0.8377422
0.8661666
0.9014836
0.9437057
0.992943
1.0494
1.113376
1.185261
1.265538
1.354787
1.453684
1.563005
1.683634
1.816561
1.962896
2.123869
2.300836
2.495288
2.708851
2.94329
3.200508
3.482541
3.791545
4.129777
4.499562
4.903245
5.34312
5.821336
6.339768
6.899844
7.502328
8.147042
8.832534
9.555684
10.31126
11.09147
11.88549
12.67913
13.45467
14.19094
14.86387
15.44749
15.91544
16.24297
16.40916
16.39909
16.20562
15.83038
15.28379
14.58419
13.75597
12.82742
11.8283
10.7877
9.732378
8.685576
7.66641
6.689736
5.76633
4.903294
4.104591
3.371595
2.703643
2.098528
1.552925
1.062747
0.6234414
0.2302102
-0.1218121
-0.4374309
-0.7212994
-0.9778569
-1.211291
-1.425519
-1.62418
-1.810642
-1.988013
-2.159161
-2.326732
-2.493174
-2.660761
-2.831616
-3.007729
-3.190983
-3.383166
-3.585988
-3.801095
-4.030067
-4.274429
-4.535643
-4.815095
-5.114081
-5.433776
-5.775192
-6.139136
-6.526135
-6.936361
-7.369534
-7.824809
-8.300649
-8.794687
-9.303582
-9.822882
-10.3469
-10.86865
-11.37978
-11.8707
-12.33066
-12.74815
-13.11126
-13.40824
-13.62822
-13.76185
-13.80205
-13.74453
-13.58828
-13.33566
-12.99237
-12.56706
-12.07077
-11.51624
-10.91714
-10.28731
-9.640153
-8.988047
-8.342016
-7.711485
-7.104189
-6.52619
-5.981969
-5.474585
-5.005851
-4.576528
-4.18652
-3.835059
-3.520862
-3.242284
-2.997439
-2.784302
-2.600795
-2.444858
-2.314493
-2.207812
-2.123061
-2.05864
-2.01312
-1.985244
-1.973937
-1.978298
-1.997605
-2.031308
-2.079025
-2.140535
-2.215776
-2.304837
-2.407956
-2.525514
-2.65803
-2.806158
-2.970681
-3.152507
-3.352663
-3.572282
-3.812597
-4.074922
-4.360631
-4.671131
-5.00782
-5.372044
-5.765022
-6.187771
-6.640998
-7.12497
-7.639362
-8.183065
-8.753983
-9.348796
-9.962718
-10.58926
-11.22005
-11.84466
-12.45064
-13.02364
-13.5478
-14.00631
-14.38232
-14.65992
-14.82535
-14.86816
-14.78219
-14.56626
-14.22437
-13.76555
-13.20311
-12.5536
-11.83569
-11.06877
-10.27195
-9.463003
-8.657765
-7.86969
-7.109694
-6.386165
-5.705137
-5.070535
-4.484469
-3.947553
-3.459198
-3.017894
-2.62145
-2.267208
-1.952208
-1.673339
-1.427441
-1.211394
-1.022181
-0.856929
-0.7129439
-0.5877233
-0.4789669
-0.3845767
-0.3026526
-0.2314844
-0.1695398
-0.1154524
-0.06800741
-0.0261277
0.01114045
0.04464106
0.07512161
0.1032455
0.1296038
0.1547257
0.1790891
0.2031293
0.2272477
0.2518195
0.277201
0.3037364
0.3317635
0.3616205
0.3936508
0.428209
0.4656661
0.506415
0.5508757
0.5995009
0.6527822
0.7112555
0.7755079
0.8461845
0.9239955
1.009724
1.104236
1.208487
1.323532
1.450539
1.590797
1.745727
1.916896
2.106026
2.315006
2.545903
2.800965
3.082629
3.393516
3.73642
4.114286
4.530171
4.987179
5.48837
6.036625
6.634461
7.283779
7.985542
8.739349
9.542927
10.39152
11.27723
12.18828
13.10842
14.01649
14.88632
15.6873
16.38558
16.94619
17.33586
17.52636
17.49779
17.2412
16.76006
16.07006
15.19746
14.17619
13.04439
11.84094
10.60256
9.361725
8.145436
6.974815
5.865258
4.826986
3.865809
2.983939
2.180788
1.453682
0.7984605
0.2099833
-0.3174799
-0.7899459
-1.213488
-1.594071
-1.937442
-2.249047
-2.533993
-2.797023
-3.042507
-3.274455
-3.496524
-3.71204
-3.924021
-4.135195
-4.348027
-4.564732
-4.787297
-5.017487
-5.256857
-5.506751
-5.768301
-6.04241
-6.329742
-6.63069
-6.945349
-7.273472
-7.614428
-7.96715
-8.330082
-8.701126
-9.077593
-9.456163
-9.832865
-10.20308
-10.56157
-10.90255
-11.21982
-11.50691
-11.75732
-11.96476
-12.12346
-12.22843
-12.27578
-12.26297
-12.18898
-12.05443
-11.86155
-11.61416
-11.31743
-10.97765
-10.60193
-10.19787
-9.77326
-9.335751
-8.892634
-8.45063
-8.015752
-7.593222
-7.187432
-6.801951
-6.439567
-6.102343
-5.7917
